Bench : /home/adithya_bhatp/gitRepository/NFS_FUSE_Implementation/benchmark : len : 1000 loops : 1000
1 pathToDir : /home/adithya_bhatp/gitRepository/NFS_FUSE_Implementation/benchmark
2 pathToDir : /home/adithya_bhatp/gitRepository/NFS_FUSE_Implementation/benchmark
BeforeCat Dir : /home/adithya_bhatp/gitRepository/NFS_FUSE_Implementation/benchmark 
File : /home/adithya_bhatp/gitRepository/NFS_FUSE_Implementation/benchmark
AfterCat Dir : /home/adithya_bhatp/gitRepository/NFS_FUSE_Implementation/benchmark/zzzTempDir 
File : /home/adithya_bhatp/gitRepository/NFS_FUSE_Implementation/benchmark/zzzTempFile
MKDIR	RMDIR	CREATE	STAT	CLOSE	UNLINK
27223	14884	9834	1729	4821	26622	
16907	10260	8382	1450	2700	23115	
16172	9871	7222	1376	2891	25726	
15575	9763	7113	1409	2987	22394	
15518	9853	7700	1426	2739	23197	
23840	15700	10532	1894	3826	36874	
26409	17127	12540	2328	3213	27292	
17868	10822	8231	1446	2974	23982	
16264	9741	12183	1513	3275	28801	
17230	10731	7653	1500	3148	23822	
15828	10242	7514	1456	2724	22560	
15089	10004	6818	1378	2565	22857	
15785	10097	6840	1398	2504	22500	
15789	10312	13730	1429	2402	22034	
14658	9247	6303	1348	2708	22391	
15095	9674	6518	1355	2900	26676	
17249	10589	7620	1456	2739	23702	
15851	10084	7711	1436	2597	23204	
15182	10001	7097	1348	2768	23692	
15981	10082	7575	1365	3248	26585	
17054	10773	7767	1520	2944	22669	
15496	9892	7230	1413	2744	23471	
15372	9979	7068	1396	2745	23468	
16930	15381	10754	1944	2793	27273	
17242	10892	8233	1454	2720	23138	
16843	10735	7724	1422	3060	26357	
17368	10671	8714	1474	3243	31909	
18122	16996	8672	1535	2861	23469	
16033	10255	7663	1466	2482	22635	
16332	10260	7474	1466	2673	23156	
15343	9842	6862	1360	3291	26506	
18020	10992	8604	1559	2796	22964	
16767	10061	7701	1502	2766	23554	
15504	9717	6938	1356	2809	23022	
15869	10051	7037	1418	2466	22144	
14938	9434	7088	1321	2780	23660	
15077	9879	6751	1400	2816	25140	
16127	10369	7276	1459	2942	24182	
15930	10500	7301	1453	2774	22870	
15306	9865	6754	1442	3429	26657	
17556	10948	7661	1487	3108	26380	
16477	10695	7466	1467	3119	23329	
15492	10137	7317	1416	3293	25865	
17176	10648	7350	1506	2785	23371	
15562	9800	7752	1420	3334	27746	
17168	10831	7745	1483	2780	22340	
15242	9773	6943	1420	2630	23177	
15824	9755	11674	1411	2946	26308	
17107	10439	7920	1484	3282	26692	
17533	10635	8372	1542	2820	23412	
15725	9941	7523	1417	2626	23304	
15559	9601	7023	1416	3611	31679	
17198	10737	7680	1488	2717	23450	
15821	10375	7846	1489	3164	31100	
17642	10602	7571	6364	2955	25616	
18026	10628	8159	1486	2727	24190	
16116	10212	15822	1427	3615	27354	
17383	10800	8572	1549	2922	24078	
15951	9995	7550	1458	3191	28229	
18873	29314	9451	1989	3406	31862	
19318	12131	10076	1500	2771	27388	
16531	10809	7570	1832	2117	21822	
15669	10006	7335	1388	2569	28921	
20262	15546	10595	1880	3263	30168	
21037	11029	7308	1382	3000	27667	
30437	13397	8091	1498	2888	24512	
16684	10466	7476	1452	2737	22953	
15890	10338	7608	1495	2853	26820	
16953	10448	7973	1466	3040	25642	
17228	10680	8386	1462	2981	26046	
16720	10865	8429	1520	2600	22578	
15447	10119	6837	1394	3273	25804	
17044	10677	7779	1502	2526	21444	
15346	9903	7873	1466	2381	22338	
16269	10346	7916	1495	3028	25171	
23052	20561	11579	2014	2516	22450	
15205	10060	7015	1392	2472	22030	
15172	9967	6761	1377	2309	21618	
14356	9820	13652	2008	2310	21857	
41697	12021	7693	1396	2516	21828	
14680	9828	6595	1333	2480	25360	
30103	12646	7141	1444	2464	22809	
15056	10030	7360	1435	2973	26194	
17782	11432	7601	1571	3185	28183	
17766	10706	7869	1482	2540	21411	
15741	9945	7247	1418	3220	25741	
18241	15914	11335	2102	2751	22076	
15174	9817	7578	1353	3120	34378	
21213	11579	8031	1524	2937	22597	
15003	10077	7466	1400	2787	23388	
15384	10285	13899	1611	3094	25922	
16642	10850	7637	4651	2867	22232	
15228	9960	6970	1433	2756	22808	
15834	9861	7501	1406	2726	22689	
14975	9727	6894	1421	2832	22000	
15351	9642	7246	1399	2591	22645	
14972	9689	6710	1403	2612	24277	
15920	10310	7771	1425	3381	26404	
17171	10700	7803	1497	2821	25026	
16374	10735	32518	1730	3140	25560	
17236	11032	7448	1532	3188	24632	
16535	10668	7588	1553	2411	21930	
15496	10372	7462	1363	3183	25581	
18271	11340	7697	1532	2914	23748	
16408	10619	7243	1511	3472	30374	
18596	11181	8460	1473	2874	27026	
16711	10525	7446	1433	2569	22740	
16231	10620	7676	1418	3411	25848	
19424	11486	8040	1548	2967	22837	
16774	10095	7494	1471	2791	22289	
15180	10027	7297	1426	2774	22867	
15746	9872	7132	1450	3361	24502	
16511	10789	7724	1484	3036	23176	
15575	10360	7864	1503	2896	22368	
19901	10521	7034	1446	6569	49908	
26365	11835	10489	2293	3191	25210	
23555	13271	9570	1762	2892	25262	
17338	10065	8040	1402	2823	24100	
16073	9647	15338	1549	3157	24458	
15423	9780	7211	1364	2890	25294	
16923	10140	8235	1445	2960	24525	
24465	14895	8895	1436	3191	24429	
16603	10140	8015	1370	3462	29500	
23694	11533	8991	1495	3335	30771	
19927	14123	13071	2317	3125	25328	
18375	10578	7389	1437	2885	24414	
16297	9722	8030	1367	5382	44364	
23049	11446	10029	2234	3500	27437	
17747	11061	8408	1583	3112	25558	
17394	10866	8045	1475	3089	30346	
22917	16114	10985	2068	3534	26657	
17496	10922	8325	1508	3124	26829	
17581	11031	8809	1483	2877	25111	
17319	11217	7752	1439	2467	22640	
15887	9776	7590	1410	2726	23409	
15920	10401	7284	1873	3237	31349	
18548	11303	7855	1453	3057	26386	
17403	10904	7838	1431	2679	32433	
16715	10434	7722	1410	2988	26923	
23543	16064	11520	2062	2798	23890	
17049	10411	7840	1429	3353	27069	
19178	11729	8022	1472	2828	24053	
16369	19699	9039	1435	2726	23542	
16493	10286	7749	1398	2538	24514	
16374	10525	7554	1394	2949	27338	
20434	11320	8500	1513	2826	26758	
16018	10633	7558	1432	3334	27197	
19751	11806	8147	1503	3030	26844	
19744	14769	8871	1574	2966	26006	
18820	11391	8404	1521	2811	23304	
15931	10483	7871	1465	9210	58477	
30365	12111	12282	2560	3360	27593	
17367	10393	8420	1441	3503	27926	
18311	10713	10348	2150	3708	27761	
26559	14813	8757	1512	2715	22910	
15651	9939	7218	1369	2366	20931	
14331	9633	7356	1366	2736	21452	
14869	9530	6448	1403	2710	21377	
14868	9582	6905	1371	2546	21608	
14540	9563	7628	1385	2760	27784	
15472	10276	7541	1427	2720	22412	
19348	15112	10662	1878	2679	22260	
16189	10225	7929	1434	2442	22452	
14972	9958	7073	1412	2548	22311	
15327	9962	7204	1440	3044	28882	
17772	10977	8251	1520	2806	22964	
15460	9986	7848	1394	2173	22131	
15377	10009	7733	1400	2257	22974	
16533	10427	6991	1403	2385	22740	
15506	10127	7750	1360	3149	25533	
17292	10931	8381	1491	2813	22490	
15293	12271	10352	1865	3324	31126	
16835	11030	8288	1531	2887	23640	
15342	10430	7077	1467	3402	28546	
18531	11372	8420	1492	2680	23102	
15487	10451	7085	1486	3274	25476	
17177	10494	7967	1524	2796	22897	
22716	10810	7831	1459	3338	26224	
17653	10883	8540	1537	2193	20400	
14217	9692	6564	1435	2844	23680	
16194	10284	7622	1535	2768	23388	
15489	10547	7843	1497	2472	22293	
15354	9804	7380	1438	2567	20482	
14010	9153	6864	1408	2732	21547	
14222	9456	6141	1433	3419	26172	
17511	10927	7683	1623	3150	23457	
16455	10459	7077	1513	2830	22358	
15429	10138	6822	1422	2857	22366	
15115	9775	6791	1501	2358	22478	
14658	9730	11773	1597	2857	22645	
15652	10011	7160	1371	2863	23113	
15231	9783	6754	1388	2799	22486	
14955	9618	6690	1480	2829	22474	
15260	9644	7286	1435	2900	24099	
16452	10758	7212	1525	3095	23206	
15645	10188	7363	1427	2651	22920	
15334	10029	6958	1426	3261	25590	
17737	10987	8126	1506	2823	22140	
14929	9969	7159	1477	2589	21961	
15149	9556	6763	1380	2688	22180	
14467	9600	6589	1384	3346	29769	
16793	11080	8063	1428	2889	22878	
15683	10303	6894	1495	2755	22220	
15585	9834	7410	1331	2971	24659	
15043	10158	6922	1437	2694	22879	
14748	9974	7058	1392	2806	22048	
15052	9680	6866	1422	2782	23536	
14548	9630	7018	1361	2638	23488	
15540	10357	7269	1486	3292	25391	
16800	10706	7486	1493	3146	26607	
15340	9978	7245	1380	2815	23263	
22412	11107	7389	1414	3045	25705	
17254	10664	7694	1418	2962	25933	
16580	10862	17540	1540	2820	23274	
15466	10197	7238	1469	3147	25383	
16809	10716	7500	1586	2869	23164	
15834	9998	14040	1631	2732	23175	
15225	10023	7444	1476	2816	25116	
15671	9820	7711	1358	2803	22364	
15478	9744	7222	1414	3106	25480	
16764	10391	7554	1502	3060	25206	
16283	10413	7598	1400	2712	22543	
15334	10205	7749	1415	3077	26020	
18527	11212	8215	1482	3022	25694	
16577	10797	7900	1482	3005	24055	
15728	10289	14396	1657	2825	22680	
15824	9988	7565	1415	2700	22741	
16333	10272	7937	1412	2632	22250	
15493	10098	6894	1437	2514	22619	
15197	9934	7509	1362	3067	25162	
16675	10878	8253	1435	3169	24982	
17791	11320	8027	1524	2991	22625	
22995	11240	7362	1511	2790	26474	
16369	10700	7668	1460	2738	22755	
15813	10515	8745	1503	2809	22692	
15564	9828	7374	1339	2934	24974	
16509	10666	8034	1480	2820	23071	
15324	10572	10404	1854	2635	22181	
14748	9596	6999	1357	2648	22231	
15203	9688	6881	1335	3382	26101	
16548	10837	7665	1469	2752	22616	
15419	10080	7083	1468	3182	28463	
22049	15289	10424	2100	2744	22638	
15391	10268	8025	1422	2704	22253	
15229	9620	7402	1358	2740	26520	
15749	10484	10524	2111	2897	23466	
15934	10326	6996	1432	3022	22648	
20351	10326	7572	1414	2823	23562	
15663	10328	7645	1395	2654	22042	
15071	9871	6814	1391	2630	25940	
15757	10298	7003	1429	2940	29657	
15477	10010	7218	1374	3177	25887	
17324	10833	7644	1524	2780	23166	
16007	10040	7680	1382	2869	23438	
15809	10157	7380	1339	3231	24519	
16849	10516	8093	1494	2911	23268	
15845	10275	7492	1463	3394	24623	
16549	10621	7356	1484	2967	23613	
20923	11454	8320	1540	3166	27952	
16867	10551	7958	1446	3018	25456	
17404	11011	8190	1531	3100	25217	
16980	10724	8358	1476	2705	39172	
16920	11076	7714	1483	2863	24577	
16636	10399	8111	1516	2952	25327	
16756	10846	8566	1516	3136	25362	
17348	10698	8366	1473	2997	26828	
17274	10820	8598	1488	2427	22837	
15840	10209	7377	1460	2380	24465	
16480	11197	7546	1500	2590	24526	
16777	10969	7625	1504	3197	25823	
17287	10877	7903	1493	2963	24919	
17203	11087	7714	1562	2801	24722	
17190	10869	8167	1477	2434	21907	
15097	10199	7807	1434	9949	71620	
35169	13577	13740	2943	2875	25125	
18021	10546	11025	2466	2665	25324	
16977	26856	9018	1461	2706	24830	
17035	10369	7854	1435	2400	30215	
17303	10608	8164	1402	2578	23925	
15668	9870	7860	1360	2457	23271	
15186	11360	10512	2090	2600	23404	
15275	9872	7618	1342	2054	22224	
14862	9596	7611	1428	3395	27519	
19569	11683	7848	1520	2861	34348	
18548	40716	9974	1515	2698	25983	
16740	10229	7578	1417	2300	23484	
15778	10026	6994	1360	2474	24362	
16314	10288	7328	1458	3111	27885	
17837	11545	8194	1514	2688	25781	
16991	10417	8786	1437	3603	28477	
18386	11066	8402	1469	2815	24534	
16789	10303	8106	1398	2609	24700	
16164	10218	7360	1480	3097	31200	
29271	12109	8085	1431	2597	24154	
15516	9984	6804	1326	3435	27989	
21957	11306	8033	1531	3229	26663	
17221	10789	8032	1486	3154	27651	
18749	15911	10919	1948	2846	24663	
23819	11662	7844	1456	3616	33865	
18318	11178	7880	1572	2974	26925	
17686	10728	8501	1570	3663	36581	
25154	17144	8998	1482	2760	24152	
15943	10351	7330	1437	2688	23782	
15998	9991	7144	1416	2637	23544	
15371	9825	7160	1411	2325	23323	
15425	9698	7417	1367	2892	27288	
18651	11223	8154	1480	2578	23956	
20989	11215	7276	1385	2417	23893	
16200	10074	6851	1366	2913	26098	
24329	11178	7580	1507	2518	27368	
21995	15677	10129	1951	2714	28231	
16772	10592	7310	1438	2593	22821	
15738	9543	7182	1362	3515	28355	
18098	11102	7893	1483	2836	27317	
15878	10337	14586	1583	2458	24064	
15469	9847	7212	1373	2548	23723	
15868	10240	7415	1442	2448	22943	
15774	9280	6765	1312	3295	26975	
18722	10684	8334	1500	2908	24458	
17653	10195	8724	1422	2949	26964	
18055	10704	9022	1480	3108	26704	
17816	10863	8612	1454	2520	23898	
16664	10353	7515	1413	2363	22614	
19282	10729	6997	1386	2465	22911	
16020	10034	7255	1374	3122	27827	
17418	11062	12939	1554	3054	24587	
16352	10240	7654	1482	3200	27582	
17871	10850	7448	1551	2852	27536	
18008	11303	7709	1425	3098	26540	
17240	10576	7554	1467	3114	27564	
17378	11018	7796	1519	2739	24554	
16265	10403	7399	1486	2615	23709	
15570	9949	6768	1344	2493	23534	
15838	9872	6889	1382	2840	27244	
18856	11754	8137	1428	3299	27223	
18678	10698	8441	1496	3462	28057	
18220	11045	7677	1545	3137	26685	
17080	10676	7652	1533	2798	24160	
26352	11435	7842	1448	3077	23198	
15562	9993	7170	1403	3404	27697	
18940	11104	9318	1537	3106	24706	
17618	10348	8045	1478	3332	30162	
17980	10675	8240	1544	3211	26700	
16342	10114	7640	1462	2935	28408	
17218	10777	8590	1598	3078	27106	
17245	10620	8289	1475	2992	24414	
21209	10774	7572	1476	2549	739135	
18080	10226	8182	1348	3112	27581	
19744	11391	7698	1477	2654	23858	
18914	11196	7931	1469	2533	23641	
16253	9816	8087	1457	2505	23657	
15320	10196	7263	1440	3413	33040	
18110	11152	8344	1414	3126	28025	
17577	11000	8468	1486	3572	36967	
18158	11169	9511	1529	2732	24680	
19565	11391	8359	1449	3229	30780	
19473	10831	8429	1380	3663	27662	
17917	10856	8151	1533	2886	24651	
16913	10136	7712	1412	3224	27355	
18205	10640	8348	1551	3033	27091	
18258	10597	8622	1506	3078	24925	
17480	10511	7148	1427	2754	25076	
17579	10658	7821	1408	2800	25260	
16776	10494	8766	1414	2626	24984	
17200	9986	7287	1368	2481	24217	
16866	10048	7725	1429	2555	24853	
16840	41824	8627	1435	2898	26764	
18060	10760	13394	1448	2528	23269	
16383	9900	7580	1440	3280	26214	
19434	11368	8104	1458	3300	28448	
23066	11204	8628	1504	2720	24526	
16129	10129	7457	1380	2838	29364	
17743	10667	7645	1456	2396	23814	
15838	10076	7389	1478	2473	27967	
15554	10121	7394	1447	2587	24720	
16402	9889	15293	1487	6335	42632	
24124	11458	10713	2144	2489	21746	
15640	9718	7468	1532	2949	25080	
18129	11208	8173	1464	2504	22543	
15348	10080	7139	1409	3058	25283	
17214	10902	7916	1477	2834	23324	
16348	10235	7651	1478	2811	25107	
17324	10812	8364	1478	2501	22780	
15698	10122	7722	1382	2368	23283	
16009	10244	7638	1416	3111	25468	
16178	10497	7646	1454	3068	25960	
16840	10886	7576	1559	3232	28093	
16375	10859	7306	1442	2854	24985	
16460	10691	7483	1498	2400	22063	
15080	10001	6860	1404	2951	26896	
17647	11247	7397	1471	2542	21385	
14762	9901	6874	1344	2234	20897	
14360	9756	6706	1378	2268	22796	
14673	9760	6823	1376	2224	25198	
15534	10337	7200	1356	2337	21609	
14664	9953	6965	1383	2258	21781	
14743	9875	7209	1368	2307	23108	
16155	10925	8079	1479	2164	21842	
15344	9912	7419	1428	2838	24129	
16648	10654	7356	1449	2379	21914	
15020	9799	7105	1425	2280	21516	
14911	10049	6602	1416	2331	27095	
14569	9784	6857	1407	2581	21558	
21018	11225	7270	1348	2201	21389	
14466	9623	6959	1378	2312	21673	
15202	9744	6839	1375	2204	21680	
17768	14303	9021	1773	2827	26413	
16060	10600	9796	2022	2283	22822	
15531	10015	7435	1437	2480	22961	
15598	10281	7397	1434	2397	22603	
15004	10327	7483	1426	2772	26215	
16627	10898	7707	1538	2446	22198	
15540	9949	7514	1420	2167	21852	
14702	9719	6999	1440	2836	25957	
17685	10947	7983	1454	2990	55369	
17827	11147	7808	1531	2700	24656	
16342	11049	7317	1516	3282	25420	
23771	14758	8031	1495	2920	25698	
16611	17974	8363	1526	2846	24520	
16254	10451	7897	1464	3100	25450	
17100	11224	7906	1489	2845	22988	
16871	31270	9037	1500	3107	25361	
17232	10623	8095	1477	2734	23316	
15788	10073	7732	1421	2760	25180	
17245	10529	8099	1466	2455	22072	
15138	10360	7545	1328	2460	22345	
14982	9987	7435	1371	2631	1866007	
17258	10638	7799	1419	2186	1798363	
18124	11375	12244	1631	3015	1687790	
17981	11183	7393	1403	2475	2162297	
16836	10687	7600	1389	2301	22258	
15435	10051	6751	1434	2271	21803	
18617	10469	6634	1417	2282	21834	
14591	9622	6840	1353	2315	21190	
14069	9616	6698	1290	2370	21651	
13979	9569	6528	1360	2137	21250	
14174	9510	6505	1347	2934	25131	
16612	16351	7781	1570	2595	28741	
16415	10714	7487	1513	2216	21949	
14852	9982	6829	1429	2186	21651	
15749	10422	7348	1416	2170	21629	
14950	9791	7518	1435	2351	21100	
15255	9590	7153	1418	2298	21795	
14873	10025	6880	1389	2332	21736	
14662	9791	6618	1347	2636	21020	
14245	9708	6625	1372	3076	24951	
16691	10883	7946	1513	2762	33329	
22350	11625	8182	1501	2717	24908	
17122	10778	7216	1506	3057	24816	
16748	10581	7740	1479	3395	27130	
17330	10384	8891	1545	3514	26700	
17776	10791	8535	1440	3321	26745	
17353	10748	8430	1513	2777	23514	
16506	10253	7631	1506	3160	24520	
17201	15645	9763	1528	2753	28466	
15814	9808	7791	1400	2995	28390	
17005	10118	7233	1319	3206	25721	
17282	11089	8451	1512	2738	22458	
15689	10111	7757	1444	2542	23042	
22713	11027	7463	1434	2648	22933	
14932	9952	6768	1430	2648	22151	
14754	9703	6713	1404	2538	21567	
14948	20612	7244	1412	2523	21446	
14727	9629	7036	1369	2671	22335	
14763	9709	7441	1370	3247	25047	
16607	10873	7927	1439	3150	25832	
18550	11389	7878	1516	2687	26793	
15420	9842	7137	1468	2585	22087	
15575	9633	6640	1365	2803	22424	
14883	9845	6899	1373	2978	23336	
16104	10394	7225	1428	3025	25832	
17132	10692	7833	1458	2729	23656	
15929	10311	8008	1480	2807	23157	
15314	10390	7342	1422	2527	21913	
14821	9747	6728	1390	2708	23392	
14928	11760	7054	1358	2566	22420	
14449	9735	6585	1363	2905	22292	
19393	10965	7123	1343	2605	21739	
14673	9506	6523	1323	3310	26386	
17731	10932	7631	1540	3240	26648	
17134	10909	7961	1479	3179	24620	
22323	15227	10202	2010	3116	1356082	
17403	11112	7593	1479	2931	22920	
16073	10231	7550	1392	3290	26914	
16722	11056	7716	1465	2818	22593	
15989	9932	7345	1321	3324	26551	
17126	10818	8109	1484	2881	23508	
16831	10726	7694	1490	2618	22325	
14882	9842	7414	1424	3403	25660	
16461	10756	7532	1508	2955	52406	
16081	10090	7341	1394	3120	23943	
15762	10167	7371	1438	2743	23624	
15945	10063	6846	1453	2820	21525	
15112	9391	6753	1349	2550	27814	
15010	9431	6296	1339	2745	21769	
14830	9682	6871	1400	2864	24129	
16077	10666	7534	1465	3093	25839	
17258	10800	8079	1552	2942	31414	
16743	10753	7371	1476	2723	21952	
14713	9775	6657	1425	2449	25602	
16571	10734	6657	1337	2499	21346	
14315	9732	6457	1377	2458	19912	
13345	8993	6306	1315	2509	20455	
13575	9122	6065	1315	2660	21009	
14618	9663	6732	1310	2655	21642	
15120	9978	6433	1377	2204	21131	
13830	9296	6335	1391	2532	21489	
14558	9522	6357	1404	2504	21967	
14275	9683	6383	1370	2522	21973	
14966	9970	6413	1358	2536	20947	
14065	9371	10796	1385	2547	20620	
14130	9224	6671	1325	2671	21346	
14623	9440	6500	1371	2363	22003	
14494	9723	6529	1375	2720	21216	
14469	9570	6709	1437	2603	22508	
15126	9692	6990	1418	2564	25457	
14893	9478	6963	1429	2497	21109	
21221	10127	6889	1393	2617	21568	
14531	9536	10932	1449	2706	21261	
20793	13064	6801	1418	3365	25627	
16557	10813	7420	1461	2934	22233	
15515	9984	7175	1464	2638	20509	
14475	9614	6491	1310	3095	24769	
16474	10740	7737	1492	2778	21354	
14311	9705	6807	1402	3143	25626	
16495	10542	7446	1433	3204	25772	
16829	10766	8320	1510	2863	22682	
15038	9984	6669	1417	3306	24832	
16320	10598	7546	1503	2758	23010	
15534	15535	7654	1451	2660	21100	
15468	10208	6855	1389	2678	20761	
14620	9465	7296	1333	2277	21420	
14427	9583	6880	1358	2692	21343	
14251	9209	6889	1359	2642	21531	
14376	9316	6878	1415	2653	22340	
15214	9841	7089	1349	2568	21920	
14807	9802	14451	1458	2524	21148	
13919	9613	6103	1366	2656	21371	
14631	9331	6558	1360	3097	24745	
16380	10626	7384	1525	2762	21551	
14521	9518	7525	1379	2612	21326	
14546	9472	6780	1371	2542	21838	
40417	31320	8395	1342	1811	26647	
17614	10944	7870	1348	2233	22418	
15349	10193	7575	1400	2309	21400	
15352	9594	7516	1377	2340	21920	
15246	9922	7072	1364	2307	21590	
15368	9608	7485	1347	3143	31890	
18202	11594	7710	1582	3103	26262	
17272	11111	8086	1521	2649	22583	
28221	11469	7740	1459	2655	21923	
15280	10117	7040	1386	2887	25254	
16867	11162	7832	1527	3093	28809	
18186	11082	8507	1477	2903	22342	
15662	9823	35578	1731	2772	24149	
15949	10277	7711	1428	3432	32318	
21211	12482	8603	1666	2640	22478	
15432	9888	7391	1380	2582	22342	
15271	10023	7034	1420	2631	22504	
14920	9583	7529	1399	3694	31312	
20246	11048	8055	1528	3012	23250	
17269	11083	7361	1452	2991	25030	
16897	10628	7648	1489	2892	23667	
16743	10254	7885	1428	2600	21720	
15340	9692	7618	1411	2760	21775	
14656	20560	7646	1429	2489	21015	
14716	9436	7203	1300	2635	22200	
15003	9849	6627	1327	2563	22050	
14629	9566	41557	1636	2623	25291	
14990	9888	7343	1340	3102	26619	
19324	12069	8294	1502	2958	23275	
16706	10743	7521	1426	3183	25593	
16117	9996	12120	1480	2680	22709	
15662	9797	7688	1433	3114	25635	
17019	10665	7807	1459	2514	23205	
19620	16309	9307	1500	2996	24876	
16289	10604	7427	1463	3603	26617	
16841	19634	8798	1523	3254	24289	
15124	10202	8090	1446	3014	24894	
15078	10082	7528	1481	2945	24143	
18898	11660	7114	1438	2544	30680	
17528	11074	10159	1984	2980	26587	
15742	10236	7034	1430	2674	21849	
14409	9351	6438	1437	3178	28922	
15321	10246	6742	1369	2482	21836	
15237	9701	7271	1388	2660	22692	
15044	10054	6730	1373	2863	27380	
21260	15228	10520	2004	2566	23386	
15741	10282	11786	1526	2374	21737	
15274	9948	7380	1394	2627	22834	
14808	9667	7330	1384	2226	21324	
14205	9477	6735	1394	2187	20749	
14043	9114	6321	1307	2471	21334	
15368	11755	7466	1384	2386	20930	
14894	9167	9061	1691	3011	40260	
16366	12084	9723	1776	2511	21310	
14192	9414	6317	1372	2491	22292	
14672	9589	6808	1399	2695	22213	
26430	11310	6891	1404	2989	22269	
15048	9644	7117	1400	2737	27000	
21410	17008	9467	1491	2220	21207	
14429	9475	6450	1361	2488	21862	
14986	9697	7112	1417	2600	27236	
14947	10222	6478	1462	2567	21366	
14840	9936	6443	1408	2887	29812	
15218	10289	7028	1327	2963	28610	
17799	12895	7495	1362	2328	22700	
14534	9463	6910	1354	2690	22000	
15047	9653	7771	1404	2815	29406	
15484	10438	6498	1400	2707	22943	
17413	10795	7698	1468	3177	29012	
17275	11366	8236	1402	2367	21919	
15425	12288	10658	1929	2606	22101	
16049	10238	7355	1400	2392	28816	
16002	10338	7576	1358	2611	21881	
15210	9616	7436	1418	2963	28777	
15584	11730	10243	1997	2242	21548	
14277	9574	6355	1354	7174	22765	
14356	9345	6460	1420	2357	22506	
14687	9497	6697	1408	2626	22353	
22013	14856	10758	2051	3260	25773	
16545	10562	7871	1503	3152	25981	
17005	10900	7352	1513	3128	26584	
16824	10469	8217	1505	2791	23869	
15699	10265	7150	1503	2797	23121	
15643	9923	7177	1435	2900	24886	
16631	10409	7372	1447	2480	26875	
16356	10438	6999	1504	2734	23800	
15914	11155	7213	1440	2638	23368	
16214	10208	7313	1294	2793	28564	
19788	10816	7339	1455	1387	21160	
18436	14467	10143	1827	3007	23413	
15323	9813	6960	1370	2978	28962	
16429	10379	7136	1403	2585	23004	
15719	10160	7216	1371	3508	26618	
17058	11018	7655	1511	2983	23260	
15425	10024	7150	1479	2748	23020	
15351	10080	7622	1417	2758	22720	
15353	9569	7206	1425	3222	26027	
17080	10768	7785	1478	6453	26535	
16902	11128	7615	1524	2794	22817	
15271	10022	7480	1422	2568	23585	
15803	10255	7135	1384	2624	22869	
15354	9697	6696	1399	2581	22229	
14934	9582	7017	1412	2412	22361	
14958	9648	6811	1375	3117	25960	
16851	10606	10996	2169	3001	30735	
17239	10964	7432	1475	3056	24249	
20277	10418	7285	1425	3362	27146	
17817	11196	7900	1496	3122	26714	
19092	11771	7574	1522	2851	23740	
16624	10264	7321	1449	3701	28633	
17286	10345	7993	1512	2891	24046	
16435	9859	8008	1460	2897	23304	
16410	10069	7404	1527	2908	25714	
16875	10503	7805	1527	2707	23006	
22787	12982	7835	1438	2706	23477	
16558	10373	7626	1419	3263	27215	
19029	11163	8004	1536	3002	24115	
15810	10220	6814	1426	2880	24149	
32066	11731	8147	1486	2976	24677	
17263	11115	7729	1440	2927	29056	
18406	10838	8625	1417	3323	31525	
23498	15652	10773	2053	2294	26694	
20436	13203	10198	1794	2819	27403	
20360	13431	9467	1666	3037	26860	
19368	11810	8454	1508	3004	26712	
17453	10875	8120	1485	2276	23657	
15666	10412	7497	1395	2326	23381	
16341	10515	7519	1420	2959	24288	
15785	10366	7124	1444	3046	26078	
17017	10583	7803	1491	2879	25190	
17432	11036	7667	1526	2460	22613	
16044	9853	7454	1478	2359	26004	
15588	9951	7486	1389	2429	47884	
17587	10963	7815	1403	7058	53667	
26024	12405	10874	2317	4371	34551	
22476	12013	10600	4612	2945	24290	
17183	10366	7661	1412	3013	27490	
18269	11321	8415	1568	3974	28253	
25426	11995	8607	1587	3563	26855	
23388	11520	9305	1440	3501	34123	
23772	13782	9082	1551	3280	28359	
19572	11669	8588	1544	3633	27703	
17954	10807	8347	1464	2772	24005	
16778	10384	7802	1459	2406	24261	
16751	10228	8147	1366	2664	25825	
17027	10281	8419	1398	2679	23443	
17091	10333	8412	1457	3287	28567	
18867	11184	8893	11979	2787	24008	
16072	10260	7738	1416	3704	55289	
17080	10638	8486	1504	2757	30442	
18117	10672	7843	1536	2451	23103	
16240	10028	8062	1421	2919	30792	
22281	11813	8478	1420	2979	24838	
25409	17623	13556	2209	2639	24824	
16490	10299	8794	1368	2654	23755	
16872	10145	8248	1436	3109	26591	
22499	11310	7674	1403	2555	22066	
17623	15358	10897	1459	3000	30788	
16462	10395	7839	1527	2241	21591	
15760	9299	6787	1340	2439	22310	
15382	9787	8068	1377	2623	23677	
25733	15956	9404	1424	2373	22823	
16008	9531	7873	1305	3004	31900	
17408	10655	8041	1424	2515	23304	
16467	10008	7360	1367	2995	30409	
24063	16525	10259	1578	2621	24922	
17824	11016	8506	1410	3441	30737	
17798	10893	9121	1486	3210	26273	
17965	10723	8296	1474	2723	22831	
16100	10143	7629	1443	2540	22371	
16382	10124	7308	1395	2961	24397	
17589	10794	8330	1433	3177	27607	
17653	10542	8228	1517	3235	27274	
18015	19384	8472	1521	3305	30359	
17918	10845	8198	1493	3131	34483	
18707	11339	8533	1508	3106	26060	
18785	10926	9214	1493	3035	23663	
16005	10071	8250	1360	2560	23273	
16196	10304	7810	1458	2066	22888	
16354	15671	7832	1441	2002	21073	
14647	9964	6810	1331	3379	27489	
21712	11189	7768	1509	2791	25355	
17933	11363	7477	1444	3041	26163	
17074	11011	9480	1463	2979	24881	
16565	10305	11847	1464	2807	24133	
16771	10425	8350	1422	3056	27591	
17648	11071	9214	1515	2744	24869	
20221	10979	8371	1470	3295	26179	
17618	10898	8670	1468	2777	24186	
16193	10678	7785	1464	3321	26567	
17279	10809	7465	1446	2976	22553	
33084	11416	8007	1388	3553	27421	
17419	10748	8007	1418	2958	27391	
17272	10923	8928	1433	2554	23924	
16490	10443	8470	1390	3242	28110	
18867	10641	9001	1429	4664	22943	
17009	10583	8328	1444	3023	26272	
17885	10984	8782	1455	3506	32138	
19283	15034	9050	1649	2866	24705	
16915	10436	8832	1458	2958	26708	
18084	11057	8434	1521	2782	24332	
33999	11575	8231	1445	2839	24529	
16715	10562	8371	1542	2917	26896	
17823	10669	8050	1459	2703	23077	
16294	10091	8248	1400	2699	23058	
15948	10092	7875	1392	3309	26260	
19210	11225	8752	1533	2857	25779	
18074	12000	8812	1497	3493	26236	
17608	10685	14670	1634	3262	26554	
17080	11162	8321	1506	3174	25750	
17355	10700	8757	1509	2647	23140	
16560	10522	7698	1420	2757	22788	
15995	9878	7398	1375	3094	26178	
17303	10807	7229	1518	3207	26677	
17260	10840	8082	1483	2782	22376	
15797	10078	7331	1417	3194	24218	
18109	13834	8212	1426	3172	26969	
19481	17931	9303	1543	3245	27140	
18060	11115	8541	1450	3018	27352	
18846	11253	8884	1552	3644	28469	
20063	11757	8868	1552	2933	27592	
16810	10090	7394	1498	2620	24344	
17130	10492	8054	1421	3255	26825	
17926	10594	8390	1468	6885	46677	
25742	11805	9684	2617	3301	28186	
18087	10684	7360	1541	3166	27005	
17945	10778	8784	1501	3328	29480	
17933	10828	8815	1447	3138	26718	
18340	10790	8235	1483	3248	27703	
18433	10840	9222	1549	2738	26812	
16938	15348	7918	1474	2845	24212	
16065	10189	7223	1438	3094	26205	
17956	11121	8162	1465	2614	24048	
26869	10924	7784	1455	3184	26148	
17897	10825	7694	1495	3017	23467	
16407	10060	7327	1420	2726	23566	
17150	10669	7547	1431	3390	26991	
17953	10600	36194	1771	2714	24262	
16063	10266	7448	1332	2943	26900	
17445	10580	8134	1428	2657	24292	
22148	10887	8545	1434	2487	25742	
17906	19227	8642	1443	3538	33357	
18434	11308	8854	1423	2851	28162	
17343	11085	8560	1480	3148	25901	
16630	10876	7744	1473	3083	23369	
16265	10286	7717	1474	3094	26232	
17821	11153	8525	1510	2516	23578	
16385	10098	8409	1410	2559	22599	
15951	11168	7865	1457	3276	26607	
17671	10694	8472	1543	2746	25140	
17669	10732	8369	1406	4149	40553	
30397	18537	12574	2211	4149	34392	
24779	16522	12743	2028	3672	32931	
33313	17405	12625	2171	3371	32229	
22881	14677	11076	2192	3540	32938	
24933	16055	12539	2070	3005	31000	
22683	20627	10930	2178	3498	34525	
24692	17008	12055	2035	3681	31299	
21960	16296	13637	2306	3621	31537	
23628	15395	10845	2142	3683	34796	
25742	16149	11969	2015	3254	34140	
25292	15391	10897	2060	3778	34394	
26597	17246	12709	2033	4325	35189	
26009	17513	12338	2129	4159	34854	
24827	16651	11726	2232	6606	49464	
28057	12376	11225	1510	3223	27753	
18966	10919	8182	1502	3809	28441	
18327	11481	8726	1482	3172	26826	
19627	12009	7925	1545	3449	27089	
17900	10766	8158	1497	2768	24591	
16391	10348	7210	1446	3553	35397	
20435	11587	8978	1683	2990	27500	
17456	10648	8653	1454	3075	27257	
17851	11148	8130	1464	2914	23646	
16265	10364	7677	1453	2866	27691	
18059	10904	8343	1434	6332	24310	
16267	10154	7714	1376	3261	27117	
18311	10800	8444	1572	3174	26217	
17029	11100	8550	1514	2820	24121	
16776	10203	7553	1416	2420	22764	
15612	9969	7249	1465	3108	26440	
17574	10530	7739	1483	3409	26508	
17251	10873	7919	1444	3109	25789	
17209	10794	7934	1459	3138	25905	
17421	52156	8670	1536	3133	24955	
17040	10730	7798	1455	3182	35409	
18711	11423	8068	1533	3488	27146	
17757	10767	8493	6063	3053	26286	
17026	10928	8167	1484	3037	31513	
17403	10877	8254	1468	2744	27888	
16281	9985	7354	1431	3003	27362	
17597	10860	8061	1527	2970	26649	
17858	11042	8220	1476	3130	26254	
17630	10462	7812	1510	3082	25925	
18405	11057	8714	2011	2858	23736	
16238	10424	8239	1504	3227	29644	
27305	12328	8493	1500	2645	24056	
17571	11138	7831	1480	3746	27159	
17515	11252	8117	1533	3478	25822	
17441	10931	8147	1554	3266	26117	
17486	10702	8151	1709	3284	26170	
17780	11445	8237	1520	2400	22695	
16305	10023	7554	1461	2878	24233	
16166	10244	7678	1505	3026	25691	
16986	10644	7737	1476	2850	25852	
18838	15107	10626	1953	3052	25306	
16910	10624	7819	1445	3081	24470	
17968	11371	7710	1472	3046	27970	
16505	10305	7709	1421	3359	25545	
16574	10708	7324	1511	3138	25905	
16957	10581	7418	1454	3613	33944	
17491	11049	7507	1560	2912	24915	
16782	10546	7960	1460	3016	26964	
17638	11077	8315	1513	2876	26944	
24731	14655	8194	1480	3082	24806	
17218	10714	7682	1449	3185	25095	
17880	13860	8931	1501	2938	26636	
17853	11282	8232	1476	2970	26693	
17283	10778	8285	1465	3327	25500	
16928	11183	8318	1465	3109	26230	
18156	19120	12180	1998	3081	27006	
17790	10875	7762	1447	2673	23263	
15836	14460	7621	1451	2960	24976	
15978	10414	7761	1415	2714	23046	
15380	9970	7056	1400	3037	25892	
25237	15359	7874	1472	2756	23505	
16291	10450	7717	1416	2959	26290	
21633	11567	8258	1506	3486	26901	
17524	10511	8149	1502	2808	25880	
17557	10823	7949	1454	2933	25852	
16661	10776	7922	1467	3124	32667	
17511	11017	7775	1491	2773	23496	
16049	10257	7778	1384	3122	25573	
21246	15371	8810	1511	3484	28130	
17402	10939	8808	1499	2642	23759	
16186	10536	8055	1364	2726	24114	
17938	10926	8044	1491	3248	25098	
17023	10714	7835	1484	2919	29180	
16743	10696	7661	1487	2645	23035	
15991	10193	7688	1421	3324	26652	
17358	10441	8448	1536	2825	25638	
17500	10770	8396	1465	2795	25850	
17126	10677	7644	1494	2942	26874	
17942	10866	7952	1493	2717	25129	
16651	10774	7169	1556	2701	24273	
15942	10254	7788	1493	2919	26676	
17202	11105	7955	1492	2935	26482	
17182	10729	7781	1481	2841	31429	
17622	11081	7810	1507	2508	23984	
15920	10199	7116	1404	2588	23463	
16445	10987	7145	1432	3373	31041	
18721	11241	8400	1537	2618	24071	
16890	10190	7852	1366	3320	27973	
24481	16858	11485	1975	19489	27888	
18657	11362	8439	1443	3361	27262	
18283	10927	8211	1538	2910	26381	
17786	10725	13973	1517	3119	27138	
17860	10938	7962	1485	9415	73192	
38281	17349	17046	3479	13530	33567	
27389	15700	12536	2654	3452	32496	
27273	17388	12599	2500	3060	24996	
25176	16311	19426	1976	20997	27088	
25283	12828	8860	1458	3383	28050	
20760	15864	12260	2044	3284	32220	
24918	16474	12579	2073	3537	25617	
24431	26095	13678	2017	3149	30912	
24256	12685	8722	1540	3273	26834	
22049	15963	12438	2161	3249	26981	
18031	11010	8539	1466	2739	23734	
17188	10714	8082	1502	2867	22938	
16227	9967	7550	1394	3261	26194	
16359	10620	7802	1500	2987	22263	
15902	10343	7484	1487	2742	21448	
19513	14545	7034	1445	2636	43545	
15150	9934	6521	1398	2934	23735	
15951	10270	7100	1495	3196	26047	
17576	10992	9025	1524	3486	26090	
18383	11034	8427	1475	2780	22845	
16436	10468	8537	1419	3354	26703	
18456	10867	9841	1520	2858	22539	
16279	9897	8181	1451	3237	25925	
18190	10911	7794	1557	3389	31689	
17247	10876	8401	1519	1986	22255	
16445	10422	7947	1448	2841	22368	
15973	9785	8281	1462	3532	32513	
17537	10966	8571	1473	3432	25385	
17015	10895	7588	1501	2857	24032	
16549	10144	7666	1506	3307	33083	
17640	11010	8208	1463	3198	29137	
18237	10887	8775	1461	2559	22513	
14647	9911	8513	1450	2288	22210	
15789	9988	8086	1393	2094	22176	
15790	10155	8016	1372	2311	25915	
15931	10728	6768	1410	2327	21561	
14279	9642	6815	1369	2620	23179	
14491	9899	6729	1360	2728	29599	
16261	10909	11224	2154	2073	20794	
15694	9643	7887	1384	2184	21861	
15264	10006	9340	1875	3922	37885	
20059	11478	9314	1434	3061	29836	
17203	11189	10689	1887	3634	27181	
18379	11391	8762	1573	2746	23793	
16332	10502	9524	1423	2563	23002	
16241	10238	7874	1436	3679	36205	
19918	11749	9533	1531	3107	24034	
17069	17574	9130	1409	2738	22694	
15912	9941	7858	1392	2653	21876	
15195	9687	6869	1348	2573	22300	
15153	9616	7858	1361	2849	24779	
16066	10323	8521	1438	3065	25793	
18145	10823	8288	1476	3332	27590	
18332	10600	9114	1438	2895	24149	
16900	9850	7787	1374	2532	22030	
15896	9834	7432	1429	2716	23212	
15658	10178	7018	1369	2683	28417	
25190	18403	11125	2006	2894	24251	
15997	10580	8340	1429	2694	23514	
16236	10425	7843	1466	2739	23796	
16286	10361	7828	1369	2726	24443	
17256	10266	8260	1448	9437	23058	
16247	10069	7751	1388	2831	22835	
15384	10055	7127	1368	3130	30898	
17656	10964	8394	1496	3185	24825	
20522	11563	9163	1895	2908	30370	
18013	11411	7345	1546	3037	31219	
18251	11006	7824	1443	3127	24977	
16472	10444	7321	1477	2764	25879	
15351	10268	7287	1421	2971	25058	
16437	12609	10179	2143	2534	22288	
15288	10049	6655	1369	2736	22895	
15480	9920	7085	1343	3132	24500	
16151	10529	7169	1380	2320	20745	
14760	9979	7428	1373	2712	25459	
15082	9952	7317	1375	2762	22114	
14842	9728	6522	1372	2540	21750	
14363	9579	6570	1331	2698	21459	
14347	9688	6599	1376	2652	23353	
15303	10170	7271	1449	2683	23260	
15551	10152	7445	1432	2489	21768	
15483	11939	8040	1442	6517	26193	
17920	10887	8845	1518	2933	24843	
16660	10273	8032	1440	3325	26887	
18805	11551	8112	1514	3002	27563	
18181	10984	8296	1491	2738	45719	
17365	10700	7820	1421	2540	23632	
16733	42400	9391	1384	8073	25437	
17518	10604	8940	1469	3438	27686	
24018	11698	12690	1597	3199	27273	
27013	13500	9396	1502	2772	23936	
16410	10404	8861	1459	3266	27167	
17947	14497	8925	1514	6823	26749	
17625	10738	8576	1505	2628	24576	
16845	10013	8871	1394	2814	24267	
16843	10203	8410	1447	2468	23829	
26656	37060	8907	1399	2510	26754	
16992	9767	8435	1323	2733	23934	
16258	10014	8418	1378	3169	26629	
17559	10894	7496	1448	3732	33057	
