Bench : /home/adithya_bhatp/gitRepository/NFS_FUSE_Implementation/client_side/v4/mtpt : len : 1000 loops : 1000
1 pathToDir : /home/adithya_bhatp/gitRepository/NFS_FUSE_Implementation/client_side/v4/mtpt
2 pathToDir : /home/adithya_bhatp/gitRepository/NFS_FUSE_Implementation/client_side/v4/mtpt
BeforeCat Dir : /home/adithya_bhatp/gitRepository/NFS_FUSE_Implementation/client_side/v4/mtpt 
File : /home/adithya_bhatp/gitRepository/NFS_FUSE_Implementation/client_side/v4/mtpt
AfterCat Dir : /home/adithya_bhatp/gitRepository/NFS_FUSE_Implementation/client_side/v4/mtpt/zzzTempDir 
File : /home/adithya_bhatp/gitRepository/NFS_FUSE_Implementation/client_side/v4/mtpt/zzzTempFile
MKDIR	RMDIR	CREATE	STAT	CLOSE	UNLINK
1768539	265701	616488	3375	26567	391367	
1160462	286129	793058	5636	21934	415129	
1051206	303019	673638	5656	6580	376183	
1136143	250973	623197	4385	19046	549822	
978001	239822	566159	4241	8102	418311	
1163486	977079	965921	4151	9433	457923	
1233395	356139	857491	4338	6891	487573	
1214914	291983	798475	4297	7726	441989	
1228454	266438	876485	4373	11284	471158	
1250933	371193	769221	5189	11866	396437	
1256529	1085647	708758	4847	10207	423395	
996963	260595	635354	5674	7695	553800	
1014963	263339	595796	4476	6235	377524	
1008592	292860	776249	5817	10760	393120	
1039137	330984	498994	3574	9850	484971	
937654	1270122	725397	4726	8754	562674	
1194906	293714	732423	3167	5838	469612	
1174298	282035	888608	3725	6787	680107	
1017551	413670	756059	5454	7177	602914	
1144390	258185	713844	3820	8893	441524	
1197079	1108339	960320	4283	7092	504153	
1164610	361323	731436	5251	10369	496478	
1166441	347120	768948	4133	19095	542541	
1069581	273886	680543	4340	7973	474836	
1118374	292341	800143	4114	6558	485641	
1094591	1228916	680549	3751	6735	431683	
968027	267403	555562	3446	20664	550293	
869942	306581	570272	5179	6803	294496	
1171160	303570	681442	3700	7862	457222	
991102	308910	691728	4149	6937	377653	
1198193	1443046	720328	4051	6463	340892	
1055718	243848	716819	4688	11780	483328	
961156	362477	853660	4873	8887	405857	
1022125	304864	720045	5618	7571	597857	
1125650	259829	584085	4020	5858	371795	
1064605	1269069	768061	4772	10094	380597	
1282348	478353	855341	3801	7228	442369	
1150066	293448	741391	4337	28697	456771	
1198619	288823	733024	4537	6615	492057	
1209297	324346	666010	4740	6960	373663	
1216514	1195117	739748	4554	7374	383336	
1083492	328725	966545	4086	17640	637817	
1191096	296332	647714	3722	5834	474990	
1331177	325268	859887	4326	10058	514309	
1160557	324606	687002	4216	12133	392458	
1183549	1129111	832845	5073	7692	400675	
1053543	287071	751854	4245	7608	422721	
1022219	259923	553788	3992	8110	383402	
1190439	331755	941427	4388	6651	374713	
1067326	239786	567432	4241	9100	488252	
1175463	1402796	802313	4349	7240	398287	
1126577	249023	681040	4640	7260	390902	
1024263	270486	600818	5825	6327	554799	
1256176	257631	698224	4432	7004	510503	
962595	251029	612000	3646	7482	391227	
973178	1204721	835383	4027	6925	413388	
1204539	258129	751097	5281	7690	557979	
1013339	317349	654506	4463	10243	428293	
1084216	302873	645812	3537	6703	432575	
1030674	266611	730970	4480	12315	535883	
1028871	967061	664255	33812	7468	503082	
1095628	316065	608687	4780	6783	346009	
1027721	253073	620057	5439	7580	424425	
987327	260139	564724	4221	13671	379919	
972094	220640	587276	4189	6706	387190	
1068023	1371286	703476	4340	7416	529045	
1197205	327535	754557	3777	10411	499173	
1079416	239185	614009	4500	6373	595059	
1214900	279209	789349	4469	6761	431779	
1137925	294814	808000	4968	10694	572388	
1220037	1167028	661801	3854	8613	561256	
1104085	281327	775508	4330	7148	462236	
1215559	346292	707678	4923	12136	563934	
1159313	378402	788569	3582	17698	482388	
1083418	244981	751028	4565	6934	450468	
1178930	1139162	671656	4762	22989	464108	
1028150	227486	698924	4943	8854	472665	
1110207	301069	767822	4306	7009	481513	
919369	205417	598555	4429	6385	387717	
975845	251948	659812	4746	8237	423672	
951594	1212208	622723	4363	36314	448240	
1036885	273214	710953	4393	64836	425093	
970408	315533	629579	4799	8171	506052	
934587	228132	745265	4243	6530	500105	
1166126	312191	748102	4074	7986	457648	
1173245	1147806	843766	4411	8140	459028	
1029908	267403	648677	3883	6476	489832	
1077054	427229	764542	4373	7846	402426	
1197063	375189	633304	4402	7426	400774	
1039771	287836	743155	4796	6565	352159	
1205438	1248790	760446	3901	6200	444374	
1135080	269896	675603	4414	6860	391514	
1249709	331872	754193	4263	7022	558641	
1094804	287122	755257	4957	6678	481480	
1236414	287534	797190	3760	6838	524969	
1302708	1014094	724997	4044	5694	634238	
1207215	250053	676982	4073	8867	458990	
1119839	291920	674071	4688	7522	452205	
1219524	319541	684711	4333	10487	444860	
1322054	403917	654975	4160	7130	423230	
1059361	1094759	821134	4149	8103	398611	
1303458	268424	798538	4170	10475	476643	
1038202	274127	656271	5475	8175	384777	
1064286	330503	708112	4845	9270	394800	
1107533	297573	715591	4337	7585	540907	
1696565	645045	824968	4631	8781	450922	
1160023	265858	637495	5660	9634	466746	
1200450	301449	735723	4313	9268	527957	
1087077	249306	709116	5700	10943	478467	
1012628	228117	680678	4006	8779	449609	
1240308	1109844	630730	4168	31327	435508	
1171289	394356	720466	5083	10244	491408	
1068297	229523	752764	4805	7155	463714	
1072199	286650	770211	4676	6812	433219	
1082362	403600	641412	4389	24442	398279	
1051148	1502116	749579	3727	7882	429894	
1035090	244383	705036	4059	12137	474806	
1028882	268716	653399	5713	8393	469100	
1132637	314863	715247	4576	12951	368495	
1019396	238924	528676	4029	6869	407949	
1126458	1163404	671290	4020	6113	450351	
1123751	327008	606611	4346	6607	323641	
1090999	274081	735223	5682	8213	385172	
1142458	286996	632683	4458	6411	414218	
1065768	300378	885057	3983	7306	384399	
1139550	1069820	741280	3919	6702	514113	
1093028	283888	820157	4940	10342	421249	
1118654	259938	741101	3989	7302	550680	
1065355	319907	713221	4015	11451	481397	
1002693	272198	719320	4228	7309	450960	
1215053	1309797	738115	4870	7204	367578	
1159332	355875	860106	3801	6341	423773	
1157780	389517	710529	4037	7567	458619	
1097905	302196	723012	5582	7935	1038318	
1095563	294198	687265	4556	7411	514762	
1170055	1247501	746344	4391	7035	480456	
1019236	300797	632058	3280	8387	389301	
985055	267340	688161	4452	7794	437144	
1018100	235595	568019	4204	6491	342250	
1052046	236031	633323	4827	7035	424271	
1044539	1443100	644796	6504	7091	427291	
1134525	259629	547000	3577	6224	326488	
1044450	281130	634070	4011	6698	334519	
1000487	223988	497911	4866	6826	383860	
1063743	296155	628761	4512	6581	487807	
1206111	1171482	779986	4502	6216	359384	
1229962	298044	602026	4900	6453	390264	
1049081	270736	615198	4370	6460	415345	
1168703	281649	724025	5704	11191	423225	
1042187	263784	596492	4289	7568	341793	
1157849	1689371	718222	5913	22254	489054	
1033116	259446	764003	4954	11666	425381	
1089836	294416	661140	6136	9433	475888	
1152536	398870	668699	5042	25566	386969	
1150788	276719	637898	4740	7935	365138	
1060516	388923	781252	4650	8423	434391	
1132704	273830	635634	4763	10109	580398	
1096993	259533	691326	7592	10049	450553	
1115078	265898	736019	4448	19057	487225	
1132127	403190	682121	4802	8449	454348	
1194467	1165340	881830	4920	10119	464042	
1513332	342762	762965	4755	35661	551894	
1122414	274480	621782	5100	8587	404615	
1524468	302677	723044	4438	15620	590498	
1075042	347880	838106	6531	11659	629674	
1196155	1401375	715153	4884	18490	544451	
1057855	249613	604071	5017	12796	453414	
1046400	275642	662707	4880	8152	402037	
992227	319521	714693	4880	12134	771914	
1088070	364571	677889	5500	10109	535691	
1084652	1256536	710796	4938	30868	471105	
1071529	360554	915790	4964	9103	478498	
1096228	274821	682346	6323	9109	536994	
1033035	279474	623464	4677	11014	426787	
1175919	374939	640663	4698	8927	507271	
1107691	1229328	870916	6220	12429	442542	
1117385	414946	703425	6134	9304	526738	
1083366	328106	1718454	5285	21487	480390	
1082583	308026	847001	4779	12091	502907	
1068332	242847	711837	4530	9887	546221	
1227880	1339330	719546	5909	10546	451077	
1037706	258734	657714	4857	8953	549722	
1140911	262914	666608	4636	11820	413092	
1141493	251912	706860	4419	8943	383965	
1189315	369061	840162	5374	11758	470460	
1168556	1405996	994996	5367	10402	527709	
1112688	309892	709161	4922	9169	563557	
1187982	248350	633323	9565	11454	523316	
1233628	369768	686685	4738	8078	424869	
1174644	320033	835295	4627	15010	611858	
1090277	1163807	2924794	6454	10781	455384	
1218040	446784	748321	5123	10314	492609	
1184454	322167	682582	4807	8343	429544	
1179366	337271	701025	5231	8218	419881	
1131152	261980	567926	4485	11489	422522	
1223874	1360773	805946	5273	37366	568230	
1037190	256911	656153	4723	11452	511524	
1080464	332933	853667	5388	9283	468049	
1100848	430383	726785	5392	9538	403472	
1109069	319585	611835	5116	8983	501367	
1258066	1301222	774850	5111	9272	313982	
1267104	319807	633307	6095	9163	447066	
1181045	275292	893241	10189	13918	404651	
1152295	298956	797825	12165	29260	512304	
1169163	231970	661390	6753	8300	505646	
1051477	1321761	758428	4900	11304	401466	
1059474	214108	821130	6392	12953	471705	
1119243	297658	737042	6027	10436	508846	
1239939	327860	594324	4599	8693	506557	
1238569	366721	801219	5659	8069	476547	
1324844	1553645	774976	5847	12166	523672	
1161693	380226	679360	4819	8895	433405	
1103891	251628	698433	6560	8926	521410	
1136752	280744	633348	4739	8406	494210	
1160614	320717	568957	6090	9229	410618	
1092708	1180328	707834	4955	26841	603496	
1054040	300340	821849	4573	9056	536128	
1160425	287540	690213	5675	11030	468869	
1002266	232081	579986	4618	8603	481626	
1106909	339635	638050	5155	35222	387120	
1191236	1108949	880497	6307	12802	437764	
1054212	263688	710242	4384	13492	392166	
1175735	378247	588782	5014	9070	410822	
1054279	270970	652555	6446	7854	432695	
1171425	273236	609972	5163	10307	521157	
1101838	1437906	738359	4924	7995	431850	
1305452	283575	717394	5331	33435	583012	
1097720	380801	715270	4625	9461	431058	
1067989	276964	741350	5497	10186	465265	
1071552	321414	683650	4997	10931	487061	
1090563	1147347	701165	5038	14841	478114	
1323920	327128	952160	5053	11324	602600	
1174734	427128	801135	5041	10924	428935	
1245908	311751	624340	5509	9647	550384	
1026690	251016	653537	4547	8168	438445	
1216813	1265039	2550598	3616	27499	370175	
1254246	287195	954580	5340	29758	461954	
1216523	411106	877472	6034	10850	395042	
1052564	371454	623947	4649	8454	524128	
1152097	280610	740820	4907	8353	367548	
1107954	1117989	708985	4594	10425	417820	
1045993	255715	605064	4429	8444	506651	
1094246	289807	687409	5111	8091	402628	
1176278	271801	621523	5178	8511	300577	
1119820	280050	591946	5129	12101	392350	
1127648	1232689	618148	4429	13417	437724	
1088238	246747	776386	6043	8862	587595	
1032988	275015	536822	4462	7669	347573	
1164964	290709	614749	4609	8733	407010	
1017341	257887	707064	5721	23709	433195	
1025157	1237409	640630	4528	11103	403440	
1100606	254522	565254	4198	9234	337654	
1111380	274998	746305	5446	9819	532506	
1085068	283004	522892	4500	8958	332049	
1070579	340276	675799	4694	7894	441391	
1057386	1186606	708466	6574	9596	553397	
1063082	243523	583612	4478	10334	544655	
1101313	338360	680483	5151	12315	437485	
1236465	268573	639470	5042	11905	548131	
1095735	267417	680830	5331	8139	394492	
1084302	1250891	659190	4760	22860	440230	
1249120	311183	607623	4423	7678	523504	
1090311	332383	678542	4916	18383	443448	
1097328	266422	590845	5120	8998	469010	
1040467	295047	643123	3919	8840	453731	
1051097	1253217	749257	5273	8957	417390	
1114997	238159	556709	4248	8289	473894	
1050076	304623	583333	4191	9072	332885	
1168533	296262	762872	4596	7593	480876	
1259560	379629	630433	4594	10583	499322	
1016957	1507972	645354	4740	9863	437489	
1032910	283176	655138	4633	9980	452263	
1043493	250543	682563	4463	9465	425834	
1175401	287954	721389	4711	8574	362983	
1190321	331023	531985	5045	8769	428006	
1282397	1315231	693219	4425	9611	578586	
1046267	236066	673577	5851	11112	469833	
985388	336059	720860	5144	8523	439839	
1183256	257671	613854	5176	7843	472126	
1205264	212424	595492	10118	8182	406437	
1154733	1333130	759457	4724	8423	504862	
2255229	482807	1091620	5628	93363	854263	
1181590	289501	625743	4526	10620	441164	
1266169	290973	660075	5583	9081	460871	
1286927	361891	742332	5052	33880	418471	
1130926	5200911	779218	6313	11423	574467	
1093090	247044	668438	4881	10211	488705	
1263440	365008	696833	4751	9060	444639	
1144959	261615	684634	6524	10229	465479	
1181597	281958	594215	4887	10329	435474	
1249146	1383747	635159	3994	10548	448525	
1143071	367190	699580	5192	9155	534801	
1260785	331821	815319	10094	12110	428214	
1035204	271108	775958	6209	10196	565152	
1073140	313291	725913	5375	9525	586138	
1529266	899408	749096	4740	9604	644694	
1128045	274931	635252	4658	10714	467394	
3799862	324108	713431	5460	8941	479129	
1065586	264157	632785	4507	8122	491874	
1106751	314014	818775	4992	13292	556866	
1096910	1076822	817483	5940	11529	466078	
1094085	310008	710093	4499	9626	475242	
1127089	278271	693209	6170	10187	453211	
1296700	324952	623760	4940	9123	412853	
1015229	286507	697955	4748	9216	423454	
1202542	1381404	788648	5244	9864	492762	
1399334	246302	720327	6359	10696	512147	
1164356	344624	692888	4979	13024	547593	
1159833	245427	767312	3995	39633	518595	
1219392	310504	734371	6488	12239	508829	
1171866	1343939	874817	5538	8260	454357	
1145170	326015	617893	5298	11037	409937	
1227687	282405	757850	4831	14044	552209	
1042971	292258	696082	10089	8938	564282	
1098558	239092	542613	4653	9337	416758	
1157722	1315206	746285	5173	11578	502481	
1147171	287015	777462	4830	29351	537407	
1128788	297163	620922	4688	8186	445968	
1302278	289130	647714	5036	11443	393193	
1170903	235293	648570	4409	8855	410854	
1286391	1443336	836804	5489	9127	465156	
1010661	257833	706510	4824	9592	420743	
1132438	290730	648099	5882	14299	461562	
1208929	345027	603944	4711	8445	430227	
1202473	306677	589772	5032	8161	313447	
1054313	1399008	843479	4832	9162	499547	
1173675	263904	812911	4918	9040	459619	
1153655	347719	841446	10199	9774	589908	
1256773	286489	709031	6046	11413	507202	
1164686	286447	871629	4672	7854	517023	
1109177	1583080	825196	5084	8333	473090	
1015759	243800	601604	4493	8074	371417	
1077701	435632	773428	5527	39741	441913	
1039713	260160	587911	4855	8229	562607	
1167348	352500	726145	4640	8106	338298	
1089615	1176220	762607	5334	11909	463904	
1130913	364666	632429	4531	9161	602600	
1161728	367651	818321	4923	10454	612197	
1203606	345301	979236	5010	10741	439076	
1274925	358156	862745	5407	9816	444956	
1237917	1254513	774457	5188	9669	451220	
1103537	252405	594338	27875	10515	385173	
1123458	283706	660837	5867	30990	484809	
1133472	376872	697998	4585	11432	394293	
1038865	240076	606700	4852	11906	387074	
1200802	1610498	704975	5224	9365	328679	
1084306	296187	592397	5257	36308	448838	
1125008	252019	713908	4596	9231	434168	
1263520	283468	525806	4934	9191	534871	
1029947	376664	647036	5128	10088	518873	
1041742	4115641	884352	5311	11245	559260	
1098218	263099	702537	4845	35380	545804	
1265046	320973	855411	4874	8917	474168	
1273207	292845	740372	8746	9762	526858	
1150597	272435	735764	4472	12594	508536	
1204339	1359107	1224357	5357	11133	594432	
1172588	373231	849697	5067	9582	434914	
1130144	295448	730346	5527	9314	469325	
1103542	305698	771853	5498	9740	425102	
3013433	371062	777422	5134	8702	416999	
1128756	1187311	750055	5088	8290	328667	
1184494	430263	681164	5439	31608	608547	
1173449	300536	752005	4493	8435	535370	
1114107	321405	683758	4969	12889	484083	
1201510	262057	735126	5188	9546	523335	
1503472	1015228	720960	5663	9257	373718	
1011605	272039	698780	5194	8260	382161	
1098721	294766	715989	5140	9195	400819	
1113807	234070	689909	5120	12737	419534	
1146787	253616	646299	4969	8758	362614	
1095740	1648542	646114	5177	8767	542846	
1171433	265782	611325	4580	8852	384880	
1087259	257001	547300	4946	8521	474834	
1135886	275320	602623	4883	8702	396726	
2428944	237725	565714	4957	19962	551343	
1177068	1168331	737101	5802	11371	506603	
1095250	271668	750871	4600	8340	449787	
1200613	314337	658681	4779	30185	479542	
1194294	346133	771455	4945	9300	414181	
1450645	444024	858539	6001	9271	454008	
1121679	1279822	829391	5189	9300	509760	
1166941	381709	725969	6596	13659	598864	
1219742	360045	721352	5036	30403	497982	
1103174	325292	795571	5106	32704	514568	
1245566	379672	722761	5318	11140	425294	
1284123	1315114	686201	4725	7655	410980	
1144020	360351	685696	4659	9031	369613	
1030971	315963	706988	4887	32620	458375	
1045473	258478	560110	5340	8375	378025	
971474	245120	772657	5036	8795	435063	
1021388	1558363	1589913	4640	21284	541898	
1072986	294376	777398	5020	7989	418484	
983909	359588	632428	6170	8810	460444	
1241106	322594	697695	4186	9238	480687	
1136515	288914	804381	4676	34249	553522	
1266577	1157747	938324	5374	8722	446469	
1090277	370610	822492	6225	10537	435763	
1131045	331049	782774	5843	10157	419568	
1170202	282192	781426	5010	24542	546475	
1196023	348905	748290	5065	10441	364846	
1115391	1235142	732067	4890	8767	412600	
1111487	272934	589923	4761	8474	467694	
1140450	323957	644592	6145	9693	396869	
1166811	345199	593179	5800	11320	431391	
1051902	247526	648513	4995	9211	496270	
1148117	1395959	764641	5785	8898	455659	
1094809	367952	642561	4560	8027	423211	
984331	244254	781180	4240	13606	515186	
1028707	271014	570883	4609	8442	346729	
1188060	305839	720654	5252	8747	590040	
1071881	1250106	856625	5055	8873	522813	
1431453	383687	705842	6072	9533	453697	
1203890	276138	722694	4631	21358	458809	
1234879	289743	728377	5243	9224	521597	
1303490	275164	672443	4590	20267	488421	
1289500	1109410	727849	4712	9444	425571	
1146410	290202	747953	5064	11296	663978	
1370016	361527	749816	5211	37529	494749	
1198146	320649	648664	4979	8525	441133	
1208842	290228	787305	4610	9677	510342	
1173487	1130839	716112	4830	7861	418294	
985564	247389	791131	6639	8760	523163	
989094	225440	715347	6202	8863	456211	
1025505	279819	644277	4086	8998	407893	
960781	255585	644253	5476	7125	383721	
964760	321881	644850	4273	7042	362799	
1017368	355043	657421	5415	7737	358583	
1001752	325092	617929	4957	7454	357181	
1058537	317374	677071	3918	6365	407746	
1026760	288209	588975	4098	6774	416255	
1048514	1186913	740881	4898	6703	321157	
959598	262809	566128	5587	7591	436048	
1178117	255170	837874	5013	8672	534968	
1073047	283985	554133	4889	8958	503249	
1046213	269097	654755	4577	8491	385695	
1103447	1513680	713249	6463	10848	510169	
1062858	292544	658698	4944	8957	484545	
1028252	266496	931060	5657	30687	437777	
1192097	287274	945209	5308	9743	416254	
1152079	299787	823424	4935	41990	534593	
1238043	1113589	817526	9218	10389	548740	
1160778	357776	964297	4957	11720	495773	
1238873	331747	789364	5203	10624	519440	
1168579	315310	676961	4386	20590	606011	
1131806	366329	857867	4683	11795	501561	
1190264	1288640	854783	6353	9321	468357	
1337836	400579	722672	4753	8773	455381	
1213010	291457	698606	4564	8967	494465	
1194689	254741	676412	4533	9704	475939	
1246954	286738	611679	4406	33300	562486	
1242825	1630316	782412	5908	8972	435620	
981529	276001	565237	4588	8243	376199	
1012499	238866	654361	4821	24052	526377	
1047663	272559	792764	6369	8963	450177	
1053294	345407	812311	4843	15009	431642	
1136908	1318673	839260	7073	8453	389065	
1079057	303088	702320	4853	11296	396507	
1018628	259498	764377	6571	9692	526996	
1065499	352843	651593	5843	10421	439136	
1272576	349837	913438	4272	8378	471242	
1081262	1482387	1431466	4929	10213	444643	
1114356	295023	647428	4851	9427	498251	
1167770	336415	743117	4624	8599	419292	
1138861	283158	741992	5554	8685	528387	
1116097	401668	873961	6697	11591	512134	
1367595	1479370	870417	5374	8864	431919	
1018740	232304	593324	4465	8487	454374	
1071798	326197	745370	6401	9402	556946	
1074259	355009	661475	5073	8100	389202	
1132211	323994	704508	4701	9093	513863	
1106500	1213984	664282	5320	9614	399020	
1022474	236433	591778	4302	13807	424972	
1103008	336257	773535	5913	12863	452206	
990348	346263	720002	3385	7057	631405	
1121164	257721	717323	4005	7984	408206	
1190467	1231066	724593	3828	11011	580509	
1192325	335823	675291	3858	39175	542339	
