524577
307858
171317
184755
215571
177682
184668
280136
185876
179212
216814
167303
174313
235993
170183
199942
180754
220063
166469
194292
172042
175163
193144
171310
189234
183105
178525
186618
256303
174329
174546
177865
181786
173969
205420
196708
237826
253407
227835
214155
181249
211789
265622
179046
176460
320054
185773
184974
266092
174240
216542
185209
189320
191829
175736
180068
196607
183349
244953
176272
179536
173657
177723
177388
204151
283866
181700
172190
185174
173338
197815
188557
185631
171197
182760
174158
186617
225741
177353
238160
215043
169088
170021
173640
186401
169403
169777
243372
321732
263856
259300
226931
223971
185213
276542
219207
173934
169727
176496
168977
217961
176732
233683
272239
187801
189313
173280
172953
204734
215007
192087
170968
194908
173722
179731
241880
214467
249260
175718
188618
192022
245327
257873
276689
208524
193107
268907
213069
240583
219753
180344
186119
224300
338242
180835
264329
188522
230280
213403
195972
266954
273966
219991
185305
189129
206574
255873
393034
182843
178197
300576
199924
238737
173257
175125
163819
241149
171967
179879
195059
204682
182094
171814
258751
178637
188866
177832
185115
178814
188012
191196
193835
248758
196338
211257
391071
178070
181319
221225
402951
181100
182697
172261
179825
195066
262060
175035
271986
237544
219469
178147
227966
202802
172354
183560
247945
227752
183246
179888
224935
207899
176753
224092
204356
195157
218711
198918
174598
181208
211326
317068
187000
187291
171466
191682
179720
229720
180105
175394
311810
236082
238265
190706
187607
214353
180561
213185
226526
323494
166597
219421
315220
178117
295087
265511
175957
191508
236090
233511
219666
206186
171949
170312
175397
214183
203685
228722
192189
201647
199200
187268
176112
184815
174257
199529
223746
190649
184493
191556
180465
179947
253654
178280
173906
185139
187978
175429
225800
204657
269502
268453
184980
196952
186731
191256
182794
180097
198780
194286
205037
190547
183018
