27223
16907
16172
15575
15518
23840
26409
17868
16264
17230
15828
15089
15785
15789
14658
15095
17249
15851
15182
15981
17054
15496
15372
16930
17242
16843
17368
18122
16033
16332
15343
18020
16767
15504
15869
14938
15077
16127
15930
15306
17556
16477
15492
17176
15562
17168
15242
15824
17107
17533
15725
15559
17198
15821
17642
18026
16116
17383
15951
18873
19318
16531
15669
20262
21037
30437
16684
15890
16953
17228
16720
15447
17044
15346
16269
23052
15205
15172
14356
41697
14680
30103
15056
17782
17766
15741
18241
15174
21213
15003
15384
16642
15228
15834
14975
15351
14972
15920
17171
16374
17236
16535
15496
18271
16408
18596
16711
16231
19424
16774
15180
15746
16511
15575
19901
26365
23555
17338
16073
15423
16923
24465
16603
23694
19927
18375
16297
23049
17747
17394
22917
17496
17581
17319
15887
15920
18548
17403
16715
23543
17049
19178
16369
16493
16374
20434
16018
19751
19744
18820
15931
30365
17367
18311
26559
15651
14331
14869
14868
14540
15472
19348
16189
14972
15327
17772
15460
15377
16533
15506
17292
15293
16835
15342
18531
15487
17177
22716
17653
14217
16194
15489
15354
14010
14222
17511
16455
15429
15115
14658
15652
15231
14955
15260
16452
15645
15334
17737
14929
15149
14467
16793
15683
15585
15043
14748
15052
14548
15540
16800
15340
22412
17254
16580
15466
16809
15834
15225
15671
15478
16764
16283
15334
18527
16577
15728
15824
16333
15493
15197
16675
17791
22995
16369
15813
15564
16509
15324
14748
15203
16548
15419
22049
15391
15229
15749
15934
20351
15663
15071
15757
15477
17324
16007
15809
16849
15845
16549
20923
16867
17404
16980
16920
16636
16756
17348
17274
15840
16480
16777
17287
17203
17190
15097
35169
18021
16977
17035
17303
15668
15186
15275
14862
19569
18548
16740
15778
16314
17837
16991
18386
16789
16164
29271
15516
21957
17221
18749
23819
18318
17686
25154
15943
15998
15371
15425
18651
20989
16200
24329
21995
16772
15738
18098
15878
15469
15868
15774
18722
17653
18055
17816
16664
19282
16020
17418
16352
17871
18008
17240
17378
16265
15570
15838
18856
18678
18220
17080
26352
15562
18940
17618
17980
16342
17218
17245
21209
18080
19744
18914
16253
15320
18110
17577
18158
19565
19473
17917
16913
18205
18258
17480
17579
16776
17200
16866
16840
18060
16383
19434
23066
16129
17743
15838
15554
16402
24124
15640
18129
15348
17214
16348
17324
15698
16009
16178
16840
16375
16460
15080
17647
14762
14360
14673
15534
14664
14743
16155
15344
16648
15020
14911
14569
21018
14466
15202
17768
16060
15531
15598
15004
16627
15540
14702
17685
17827
16342
23771
16611
16254
17100
16871
17232
15788
17245
15138
14982
17258
18124
17981
16836
15435
18617
14591
14069
13979
14174
16612
16415
14852
15749
14950
15255
14873
14662
14245
16691
22350
17122
16748
17330
17776
17353
16506
17201
15814
17005
17282
15689
22713
14932
14754
14948
14727
14763
16607
18550
15420
15575
14883
16104
17132
15929
15314
14821
14928
14449
19393
14673
17731
17134
22323
17403
16073
16722
15989
17126
16831
14882
16461
16081
15762
15945
15112
15010
14830
16077
17258
16743
14713
16571
14315
13345
13575
14618
15120
13830
14558
14275
14966
14065
14130
14623
14494
14469
15126
14893
21221
14531
20793
16557
15515
14475
16474
14311
16495
16829
15038
16320
15534
15468
14620
14427
14251
14376
15214
14807
13919
14631
16380
14521
14546
40417
17614
15349
15352
15246
15368
18202
17272
28221
15280
16867
18186
15662
15949
21211
15432
15271
14920
20246
17269
16897
16743
15340
14656
14716
15003
14629
14990
19324
16706
16117
15662
17019
19620
16289
16841
15124
15078
18898
17528
15742
14409
15321
15237
15044
21260
15741
15274
14808
14205
14043
15368
14894
16366
14192
14672
26430
15048
21410
14429
14986
14947
14840
15218
17799
14534
15047
15484
17413
17275
15425
16049
16002
15210
15584
14277
14356
14687
22013
16545
17005
16824
15699
15643
16631
16356
15914
16214
19788
18436
15323
16429
15719
17058
15425
15351
15353
17080
16902
15271
15803
15354
14934
14958
16851
17239
20277
17817
19092
16624
17286
16435
16410
16875
22787
16558
19029
15810
32066
17263
18406
23498
20436
20360
19368
17453
15666
16341
15785
17017
17432
16044
15588
17587
26024
22476
17183
18269
25426
23388
23772
19572
17954
16778
16751
17027
17091
18867
16072
17080
18117
16240
22281
25409
16490
16872
22499
17623
16462
15760
15382
25733
16008
17408
16467
24063
17824
17798
17965
16100
16382
17589
17653
18015
17918
18707
18785
16005
16196
16354
14647
21712
17933
17074
16565
16771
17648
20221
17618
16193
17279
33084
17419
17272
16490
18867
17009
17885
19283
16915
18084
33999
16715
17823
16294
15948
19210
18074
17608
17080
17355
16560
15995
17303
17260
15797
18109
19481
18060
18846
20063
16810
17130
17926
25742
18087
17945
17933
18340
18433
16938
16065
17956
26869
17897
16407
17150
17953
16063
17445
22148
17906
18434
17343
16630
16265
17821
16385
15951
17671
17669
30397
24779
33313
22881
24933
22683
24692
21960
23628
25742
25292
26597
26009
24827
28057
18966
18327
19627
17900
16391
20435
17456
17851
16265
18059
16267
18311
17029
16776
15612
17574
17251
17209
17421
17040
18711
17757
17026
17403
16281
17597
17858
17630
18405
16238
27305
17571
17515
17441
17486
17780
16305
16166
16986
18838
16910
17968
16505
16574
16957
17491
16782
17638
24731
17218
17880
17853
17283
16928
18156
17790
15836
15978
15380
25237
16291
21633
17524
17557
16661
17511
16049
21246
17402
16186
17938
17023
16743
15991
17358
17500
17126
17942
16651
15942
17202
17182
17622
15920
16445
18721
16890
24481
18657
18283
17786
17860
38281
27389
27273
25176
25283
20760
24918
24431
24256
22049
18031
17188
16227
16359
15902
19513
15150
15951
17576
18383
16436
18456
16279
18190
17247
16445
15973
17537
17015
16549
17640
18237
14647
15789
15790
15931
14279
14491
16261
15694
15264
20059
17203
18379
16332
16241
19918
17069
15912
15195
15153
16066
18145
18332
16900
15896
15658
25190
15997
16236
16286
17256
16247
15384
17656
20522
18013
18251
16472
15351
16437
15288
15480
16151
14760
15082
14842
14363
14347
15303
15551
15483
17920
16660
18805
18181
17365
16733
17518
24018
27013
16410
17947
17625
16845
16843
26656
16992
16258
17559
