7504362
3449590
3442782
3732468
3379487
6125905
3168396
3341215
3579998
3592514
6265893
3800038
3342905
3422832
3569020
6353202
3904538
3711528
3502868
3358523
5915018
3448375
3260071
3987771
6197292
7086203
3528157
3793732
3591295
3539439
11848318
3549101
3736643
3653441
3745501
22002298
3801951
6370370
4589056
3246430
7240239
3606086
3773157
3594981
3445938
6216808
3291718
3606398
3518328
3622387
6316103
3896574
3610463
3526456
6981493
6489107
3523685
3769343
3337193
3906055
6218357
3448696
3458516
3373792
3175686
5718203
3452680
3494043
3195756
3692581
6473394
3860236
3477856
3689678
3382435
6543567
3485833
3616887
3459721
3993350
17140085
3246228
3503325
3572550
6366456
6437043
3363826
3268761
3703035
3209595
6116877
3583885
3805101
3699580
3486876
5874200
3613837
3672801
3505262
3670889
5612239
3189757
3388284
3697117
3538541
6459069
3725038
5292338
3596244
3781384
6741003
3654881
3695150
3676265
6871189
7210107
3438608
3507680
5441566
3557570
6501875
3483793
3621803
3477004
3394750
6205247
3563691
3600377
3383373
3423603
6305725
3380332
3772883
4153231
3254180
6171320
3687383
3417879
3834295
4010666
5767951
3830496
3484423
3385744
6515143
6664908
3450590
3256128
3535659
3372641
6086467
3420669
3496319
3255886
3363460
6453684
4178266
3535896
3187815
3212526
9118155
3316774
3355567
3389848
3085563
6268275
3202368
3457114
3311416
3387907
5821258
3468760
3052085
3449824
6195504
5707914
3479284
3578678
3064120
3725673
5972877
3690357
3404334
3272156
3699413
5815258
3354838
3583783
3277505
3560262
6276488
3349138
3348439
3078930
3179162
5433499
3201616
3978148
3265423
3316587
5880423
3160852
3601809
3266355
5867433
6675053
3151278
3382733
3754872
3758683
5780389
3526892
4254963
3353060
3347593
5600223
3450107
3242217
3519636
3249289
5909764
3135884
3284609
3556541
3224876
5796256
3479465
3331070
3343753
3725880
5709248
3544785
3325136
3761952
6177655
5865486
3890373
3247109
3636215
3334250
5879016
3474118
3440975
3398728
3341483
6098124
3466994
3432676
3225132
3357191
6647515
3467554
3480475
3478968
3352998
6012410
3402611
3334968
3693414
3626767
6199768
3457622
3222504
3327271
6218501
6513823
3248129
3620126
3406524
3362766
5903414
3345722
3791761
3466051
3476870
6072143
3392707
3405939
3565056
3297269
5785883
3733969
3427364
5379112
3494132
6653125
3711688
3401150
3589150
3673399
6438479
3816483
3362650
3409504
6386993
7215602
3498659
3333843
3741156
3427221
9217462
3423891
3177461
3239757
3841459
6962698
3632699
3407759
3448503
3731535
6693089
3508087
3279565
3376786
3356205
6851863
3413138
3481244
3602421
3562920
6155879
3291677
3563952
3493421
5854601
7539713
3399601
3573834
3106871
3350908
12838106
3378225
3173927
3410548
3413106
6429681
3506228
3322562
3609491
3477315
6720612
3394673
3184928
3334886
3494621
5795769
3287349
3111768
3522200
3533997
6252324
3581073
3246744
3736320
6192960
5947948
3708234
3201722
3464223
3366918
5950550
3396651
3293174
3504621
3507667
6307757
3238051
3233372
3705612
