3120474
3472864
6469777
3188005
3543118
3451040
3388773
6116578
3412414
3429523
3096521
3536484
6190444
3625915
3260342
3709579
3249758
5832011
3599243
3473691
3382421
3322041
5893216
3299769
3025590
3520345
6085124
5926907
3604161
3425665
3536722
3569732
5425256
3168215
3146178
3572156
3188612
5524039
3504322
5651076
3476805
3345196
5784660
3538588
3481870
3527838
3570756
5183400
3532456
3581438
3405888
3504563
5733447
3588990
3403748
3382701
6743886
5726620
3637139
5108036
3398178
3278170
5958392
3571655
3422568
3352246
3464570
6252268
3374048
3503723
3326317
3253376
5642801
3473126
3124746
3242747
3161813
6019743
3277101
3185686
3138033
3681385
5859444
3571510
3704175
3438568
5824776
10405675
3982273
3639858
3889795
3351488
5706236
3614397
3430960
3488475
3507375
5826962
3236913
3683036
3267689
3500369
6188309
3840042
3556174
3703058
3527363
6004003
3508751
3764827
3656889
3264250
6375811
3387168
3855113
3585861
6901587
6471922
3531333
3349751
3510322
3478890
5871135
3706066
3668675
3344134
3583951
6906221
3535675
3393260
3613055
3305210
6411523
3562693
4886904
3453004
3746179
6010237
3551768
3647176
3580087
3476286
6597083
3557720
4041909
3607255
7726138
6822740
3790164
3508222
3590404
3470234
5867938
3966017
3652947
3444135
3445440
6134637
3643648
3655726
3783789
3450284
6347194
3963970
3520568
3356153
3386156
6481545
3577920
3243966
3382928
3797789
6253734
3566433
3692990
3386315
15148932
6407951
3435528
3328510
3796541
3971068
6031803
3481170
4636628
3569500
3551078
6238013
3370971
3878508
3208504
3611786
5665620
3433534
3689789
3665889
3345409
6212100
3277778
3755508
3511386
3623634
6693877
3786245
3978599
3514281
5963242
6542922
3468740
3475829
3776085
3463324
6553646
3495371
3373394
3379769
3142161
5995177
3107837
3346298
3067903
3470345
5921653
3077421
3231331
3038551
3408334
6226163
3171150
3193432
3303464
3292725
6014375
3096930
3270078
3425125
5821892
5811290
3438815
3511318
3168465
3338424
6300212
5387689
3592492
3452994
3528431
6573453
3537480
3754339
3693130
3455764
6279510
3789160
3572484
3704995
3737343
6122045
3403727
3502562
3398300
3298467
6316813
3825029
3385939
3628424
7009429
6413631
3261483
3477852
3693332
3279320
6427033
3464716
3332468
3501132
3468720
6039684
3829056
3607403
3568986
3512517
6892032
3403774
3592405
3478780
3531816
6288766
3545527
3673112
3586441
3572861
9596667
4783281
3473298
3462854
7230581
6249185
3237522
3402886
3270918
3323808
6481865
3399014
3237699
3089952
3273000
6543970
3216397
3550282
3577201
3451214
6071654
3245665
3093818
3298291
3780076
6534349
3033749
