1768539
1160462
1051206
1136143
978001
1163486
1233395
1214914
1228454
1250933
1256529
996963
1014963
1008592
1039137
937654
1194906
1174298
1017551
1144390
1197079
1164610
1166441
1069581
1118374
1094591
968027
869942
1171160
991102
1198193
1055718
961156
1022125
1125650
1064605
1282348
1150066
1198619
1209297
1216514
1083492
1191096
1331177
1160557
1183549
1053543
1022219
1190439
1067326
1175463
1126577
1024263
1256176
962595
973178
1204539
1013339
1084216
1030674
1028871
1095628
1027721
987327
972094
1068023
1197205
1079416
1214900
1137925
1220037
1104085
1215559
1159313
1083418
1178930
1028150
1110207
919369
975845
951594
1036885
970408
934587
1166126
1173245
1029908
1077054
1197063
1039771
1205438
1135080
1249709
1094804
1236414
1302708
1207215
1119839
1219524
1322054
1059361
1303458
1038202
1064286
1107533
1696565
1160023
1200450
1087077
1012628
1240308
1171289
1068297
1072199
1082362
1051148
1035090
1028882
1132637
1019396
1126458
1123751
1090999
1142458
1065768
1139550
1093028
1118654
1065355
1002693
1215053
1159332
1157780
1097905
1095563
1170055
1019236
985055
1018100
1052046
1044539
1134525
1044450
1000487
1063743
1206111
1229962
1049081
1168703
1042187
1157849
1033116
1089836
1152536
1150788
1060516
1132704
1096993
1115078
1132127
1194467
1513332
1122414
1524468
1075042
1196155
1057855
1046400
992227
1088070
1084652
1071529
1096228
1033035
1175919
1107691
1117385
1083366
1082583
1068332
1227880
1037706
1140911
1141493
1189315
1168556
1112688
1187982
1233628
1174644
1090277
1218040
1184454
1179366
1131152
1223874
1037190
1080464
1100848
1109069
1258066
1267104
1181045
1152295
1169163
1051477
1059474
1119243
1239939
1238569
1324844
1161693
1103891
1136752
1160614
1092708
1054040
1160425
1002266
1106909
1191236
1054212
1175735
1054279
1171425
1101838
1305452
1097720
1067989
1071552
1090563
1323920
1174734
1245908
1026690
1216813
1254246
1216523
1052564
1152097
1107954
1045993
1094246
1176278
1119820
1127648
1088238
1032988
1164964
1017341
1025157
1100606
1111380
1085068
1070579
1057386
1063082
1101313
1236465
1095735
1084302
1249120
1090311
1097328
1040467
1051097
1114997
1050076
1168533
1259560
1016957
1032910
1043493
1175401
1190321
1282397
1046267
985388
1183256
1205264
1154733
2255229
1181590
1266169
1286927
1130926
1093090
1263440
1144959
1181597
1249146
1143071
1260785
1035204
1073140
1529266
1128045
3799862
1065586
1106751
1096910
1094085
1127089
1296700
1015229
1202542
1399334
1164356
1159833
1219392
1171866
1145170
1227687
1042971
1098558
1157722
1147171
1128788
1302278
1170903
1286391
1010661
1132438
1208929
1202473
1054313
1173675
1153655
1256773
1164686
1109177
1015759
1077701
1039713
1167348
1089615
1130913
1161728
1203606
1274925
1237917
1103537
1123458
1133472
1038865
1200802
1084306
1125008
1263520
1029947
1041742
1098218
1265046
1273207
1150597
1204339
1172588
1130144
1103542
3013433
1128756
1184494
1173449
1114107
1201510
1503472
1011605
1098721
1113807
1146787
1095740
1171433
1087259
1135886
2428944
1177068
1095250
1200613
1194294
1450645
1121679
1166941
1219742
1103174
1245566
1284123
1144020
1030971
1045473
971474
1021388
1072986
983909
1241106
1136515
1266577
1090277
1131045
1170202
1196023
1115391
1111487
1140450
1166811
1051902
1148117
1094809
984331
1028707
1188060
1071881
1431453
1203890
1234879
1303490
1289500
1146410
1370016
1198146
1208842
1173487
985564
989094
1025505
960781
964760
1017368
1001752
1058537
1026760
1048514
959598
1178117
1073047
1046213
1103447
1062858
1028252
1192097
1152079
1238043
1160778
1238873
1168579
1131806
1190264
1337836
1213010
1194689
1246954
1242825
981529
1012499
1047663
1053294
1136908
1079057
1018628
1065499
1272576
1081262
1114356
1167770
1138861
1116097
1367595
1018740
1071798
1074259
1132211
1106500
1022474
1103008
990348
1121164
1190467
1192325
