Bench : /home/adithya_bhatp/gitRepository/NFS_FUSE_Implementation/client_side/v3/mtpt/zzzTemp.txt : len : 1000 loops : 1000
WRITE	FSYNC	READ
883844	813386		
1055891	775361		
909178	805406		
833039	744352		
833378	977941		
966862	787084		
922975	910997		
972869	952889		
877508	749246		
772569	850023		
792291	743062		
991173	809254		
857137	806219		
941038	998626		
826800	869190		
929296	884238		
832959	815388		
873463	910986		
828390	1059654		
819238	866544		
786944	788999		
877179	820877		
834414	756495		
880936	773171		
868907	760268		
838614	818522		
863443	823231		
842054	821046		
778663	2341115		
995926	926126		
697522	833514		
951568	943614		
974495	973091		
820518	918081		
844840	953028		
801382	1089132		
821002	835716		
781747	827003		
892411	885823		
892580	876400		
854477	891580		
989366	930365		
814682	821720		
836550	886781		
884214	830356		
859687	801171		
955852	883649		
829939	899759		
895670	775372		
758149	799633		
824963	837908		
943246	857144		
875239	779984		
777134	707152		
933807	855379		
869372	931791		
791548	773075		
796255	810539		
840351	895434		
750413	794324		
879766	984033		
887586	773928		
908746	939375		
851432	737475		
910673	776929		
791402	744129		
876110	961693		
929096	859842		
880947	819770		
963092	864189		
950118	865196		
812726	819449		
899521	789291		
873233	830269		
857357	850208		
855246	948834		
751678	939972		
919535	837880		
877448	827349		
804939	887737		
849468	825690		
1002235	892947		
782532	727273		
845502	793545		
767686	884258		
869868	866855		
995578	867295		
882642	792355		
1098705	985742		
887070	886687		
852302	800547		
961736	820060		
745054	844805		
834316	995200		
873607	837626		
974594	752052		
871716	770761		
746316	837015		
808367	904307		
846663	890446		
961662	911849		
923379	855447		
952649	850374		
912910	875451		
982473	981428		
824832	869178		
849868	774063		
882556	984146		
862865	852863		
926890	789550		
917438	828207		
795223	950326		
840772	917254		
1059635	853358		
909654	886663		
821675	909748		
833462	900960		
880277	758663		
725752	847775		
995342	916348		
792249	795337		
983680	822863		
776939	780812		
880167	785399		
786099	875268		
718287	949169		
822911	1059958		
1016200	949181		
921745	801242		
902433	915441		
930553	847082		
906911	884983		
1058240	942785		
1035992	945508		
924056	970883		
879599	872824		
864571	930029		
972615	855450		
863485	917744		
753391	891283		
930683	865360		
955516	828819		
956627	942549		
951023	966023		
962490	930785		
1011761	859385		
1044748	1046280		
878721	911057		
858152	813832		
877259	900903		
996115	887485		
838878	904886		
903951	890555		
875472	847312		
856233	858315		
852779	765774		
901897	861376		
991962	812588		
904242	900696		
924100	745622		
824422	870567		
872187	1055957		
977294	760764		
844181	844603		
874345	966254		
1117485	873030		
905674	900071		
1116320	1141325		
896637	876717		
940513	842504		
839297	1398718		
1021825	977566		
1047408	944297		
917425	879162		
920162	897377		
1029357	868497		
958637	890368		
791596	738550		
858740	873060		
875993	943877		
875808	883563		
812562	784279		
814205	934891		
826976	725602		
838413	747960		
730952	880259		
960687	828671		
801223	927267		
839437	900946		
870211	836559		
896348	769147		
794235	836224		
937028	922212		
944345	915130		
812921	1077394		
944942	1021613		
911192	901859		
820312	832144		
906257	842039		
966426	887744		
948091	857227		
911680	881216		
1083339	926074		
967378	899562		
933129	823064		
892580	754952		
776261	870935		
883402	937387		
893736	762067		
846815	884753		
981120	967490		
908746	926688		
773951	820206		
780633	833471		
796078	797813		
921731	847149		
1004113	966385		
841210	884305		
908727	788308		
769431	923885		
841995	792408		
1095316	928912		
787953	826004		
700525	845008		
823867	792844		
872657	771465		
1217534	972835		
934206	996883		
995527	907663		
930895	909429		
875354	888220		
961411	853654		
862090	878197		
804605	916514		
1027823	1138048		
879775	806306		
842992	928358		
813874	917556		
786359	844044		
842437	871835		
1091502	1070925		
875272	945062		
981784	1021951		
887979	971065		
901528	972442		
923451	854763		
995808	932917		
977315	830866		
910878	921442		
989805	999552		
983197	924973		
872560	911430		
814260	848750		
831359	825891		
887866	860583		
943014	772276		
898857	878480		
821876	903288		
836608	785383		
1082511	827337		
872649	792837		
825966	958487		
829069	922269		
901127	868272		
832991	843569		
959033	768226		
951750	959812		
978328	900066		
895914	906091		
849797	950591		
867950	1003623		
1111048	828421		
855632	715381		
833326	809488		
848268	828141		
797270	784943		
984090	791931		
772598	831214		
870294	830850		
807452	780127		
880155	932700		
799786	756222		
877327	767008		
2334189	997083		
898211	989872		
975104	894276		
825180	889170		
911880	869396		
889572	897217		
981125	905072		
953229	1056668		
860816	843550		
720484	704974		
798002	832280		
815550	713888		
897382	757859		
870067	770946		
891750	882539		
855782	913452		
879800	861531		
1032655	1035607		
807910	855169		
914568	924504		
1013032	923811		
824223	833936		
767808	845959		
807513	859532		
972930	981656		
893495	863165		
877677	876348		
948411	863835		
864909	847829		
801916	900713		
789419	792715		
1082100	736930		
816334	838936		
748620	877889		
931304	1092776		
708794	797900		
882622	836277		
767153	2070142		
1012269	795479		
802214	905830		
1015270	973841		
1022009	907836		
1070749	863577		
818760	768046		
918570	837662		
930165	776677		
794678	2707410		
982145	789109		
964892	766037		
953442	996080		
870303	946997		
956866	899261		
1012002	1050817		
796087	778780		
727395	849708		
836122	819197		
829063	819673		
714194	652921		
754118	873939		
832652	959806		
811970	819198		
757149	851055		
933155	858308		
883751	979241		
794243	749217		
848660	721981		
881349	960669		
918712	875697		
915522	763863		
899726	776329		
869103	845414		
1087103	806220		
998886	836657		
752257	849058		
811637	799036		
850899	887242		
896562	872936		
841950	850630		
866709	877505		
871695	891151		
858070	890060		
798725	824480		
856764	737292		
853370	935362		
803560	839168		
946642	771517		
776044	878504		
817391	979002		
859428	753282		
780232	798840		
788915	747929		
848930	853646		
877018	817989		
1057369	907295		
903843	882749		
738544	736302		
759309	807494		
775884	853006		
777451	778112		
838056	744245		
957344	980688		
1018853	848111		
883509	900254		
845009	838969		
857914	871202		
2080144	974813		
931817	926537		
884144	953079		
968127	898282		
930261	761427		
806243	885508		
989139	785882		
756052	805961		
987919	747659		
841134	874511		
945524	834486		
788393	832842		
805002	752814		
957621	806953		
842499	816925		
827846	951856		
899369	1090266		
943638	827809		
875321	887846		
998422	1027939		
821605	822525		
804753	897915		
729197	799854		
739949	804233		
911641	875784		
854405	767360		
1073748	779547		
802152	779689		
857298	1000223		
767091	727518		
643299	825414		
797163	809233		
796874	830428		
881090	901407		
996234	815278		
746408	912240		
898325	827281		
895041	799573		
872989	764426		
739454	790090		
840756	798382		
738145	788686		
908417	937300		
783670	848955		
843935	886859		
823412	708579		
706748	909113		
906383	878025		
859083	850256		
841220	787827		
867628	792270		
915192	898671		
880878	983800		
888189	746382		
1037043	753712		
864070	783680		
748523	960294		
864291	786343		
804376	800959		
832065	759887		
817759	858786		
814469	854715		
977802	803495		
925382	812945		
772252	714142		
781006	763661		
859760	833029		
861334	763282		
811279	905355		
1367857	948953		
925393	728175		
848763	1037665		
870695	846300		
941799	850166		
768434	794450		
894450	695959		
888288	899655		
854925	779152		
834688	911109		
935268	860958		
1178524	801132		
893891	752100		
902898	849644		
778889	745487		
981458	858942		
930110	781527		
845696	711590		
691370	848852		
884215	791153		
829239	833140		
815447	835608		
826630	848281		
804404	815340		
791067	844681		
749484	769233		
792767	752987		
781284	843107		
766790	788991		
866403	790500		
785836	848260		
958319	915520		
2553938	982465		
924082	844093		
803915	725707		
719445	885300		
864048	756123		
823292	855309		
702806	841073		
822192	739060		
764643	842923		
906901	960269		
885411	790418		
834206	806223		
787725	1399936		
907765	949017		
959086	839415		
970668	999251		
861974	990124		
935930	893200		
7346133	965689		
924414	831904		
862471	921156		
924272	814506		
829420	854772		
973059	827373		
859495	801917		
866903	965199		
975614	878766		
856601	940863		
913715	825241		
941659	878694		
868835	935441		
926119	887855		
988966	1055303		
870196	903569		
933328	857036		
894709	894853		
937174	777882		
925781	891936		
919563	821263		
804992	791623		
881602	984456		
818736	868884		
865184	951019		
824527	881488		
1079285	974036		
886860	1030944		
811528	815239		
835373	971470		
923121	835292		
930665	805382		
871298	773658		
1006213	935675		
946765	788557		
802817	903531		
1053514	929371		
991700	830994		
841637	852564		
900491	750302		
793983	751864		
892669	831780		
895021	883424		
880372	868162		
934966	849668		
942386	854581		
769434	819586		
984068	951717		
924211	912865		
934292	946061		
865790	1594339		
895650	850893		
893896	840604		
965779	1002317		
867146	838160		
826756	874697		
883902	808769		
752163	709674		
881324	789222		
923900	838156		
941529	816022		
797144	784295		
1108642	810990		
993059	772293		
914213	768920		
788453	831862		
814501	802005		
774111	824004		
891346	846112		
896656	772374		
851166	824963		
789304	709440		
835623	904806		
943918	806476		
1075685	840952		
747720	756376		
779188	1053440		
886954	894261		
908582	816846		
715448	817932		
805855	840791		
794832	722998		
691481	844956		
834260	894571		
857113	737966		
874256	796562		
862482	821855		
861308	861995		
796071	1107653		
930251	856707		
902959	838554		
882960	863154		
878830	875039		
831645	841840		
851009	903411		
829037	791917		
800427	909070		
947672	962627		
849191	821264		
834130	924835		
833747	832037		
863594	830046		
829717	827494		
851844	840138		
842251	846924		
963838	830708		
860677	829958		
765296	821925		
763214	840313		
849242	948111		
886874	756017		
965327	862211		
882478	867155		
797383	789175		
847361	911741		
892148	802232		
788623	745110		
802647	924342		
1028917	979358		
864574	910928		
846235	856300		
897777	894317		
811714	903680		
729847	787985		
1051477	921528		
905480	828145		
832310	779958		
770587	1007889		
853110	879014		
792788	797803		
800649	870472		
866752	869359		
954038	806586		
830714	810296		
743849	834666		
1144929	820967		
873838	825828		
974825	854638		
1036280	877223		
888654	904195		
768606	774803		
824352	964482		
1079380	813932		
850985	727089		
811926	792863		
730180	1737842		
818895	948613		
883172	953254		
848225	787089		
852113	801605		
860939	877805		
945674	868607		
1069006	856033		
835978	919671		
823038	960345		
874179	892476		
847793	959477		
774284	809941		
962290	909393		
853995	840191		
898789	885909		
1257582	913951		
868439	748960		
820294	787670		
933751	727088		
926508	787792		
862653	879734		
835491	771937		
880902	759365		
847956	843278		
804260	716681		
932259	772614		
912864	761923		
917701	870457		
853941	828451		
813032	806954		
932322	870262		
864285	915197		
961257	868733		
941091	855742		
884843	979422		
940237	963884		
920597	809068		
1007698	929126		
981690	888712		
835879	857959		
793057	834079		
868040	909117		
851282	845112		
869476	1019681		
968954	856063		
931953	849066		
915120	849321		
796616	1075450		
1006540	1063970		
938726	1001322		
878536	995123		
894740	819232		
977490	942320		
836935	1008034		
906339	874185		
867351	946225		
1027833	841296		
794561	744265		
982338	851720		
849279	1011872		
926069	762712		
817954	847333		
929213	1059474		
830667	855693		
941322	911694		
854891	844040		
950587	770557		
841897	857487		
828482	807763		
833890	884663		
1027448	778716		
784741	924239		
890793	743540		
874963	904725		
861391	805261		
846984	916083		
881661	969404		
997252	896599		
1667774	887650		
732629	887281		
1114343	913336		
894418	832226		
917371	901827		
930885	929867		
733825	721122		
991789	934839		
908882	951802		
925278	920667		
947623	806510		
897059	793624		
815481	828353		
866285	875421		
1938353	999285		
908441	919668		
1018868	880384		
953565	1664973		
928324	959987		
943457	1178182		
716996	782909		
833302	806494		
952132	801548		
876480	848771		
862724	744295		
888731	906274		
845619	1073733		
845745	1019321		
784957	810390		
781968	768215		
910780	897451		
984478	918850		
886300	816288		
799303	850982		
801985	899334		
841698	887017		
844565	767548		
816635	745985		
749415	880406		
892918	1130577		
953798	776089		
880827	832551		
759022	889446		
887142	4729515		
1025719	930266		
833797	943470		
937824	905680		
859469	870012		
14730195	915637		
967852	825470		
885288	885301		
860709	771266		
908272	891088		
826804	911924		
852445	907222		
929636	871243		
846733	1008665		
893546	914314		
862833	862082		
879417	754008		
858452	927606		
893021	780889		
832031	696941		
800216	778249		
850301	812129		
845046	917661		
4171367	1070057		
1007698	853305		
1041326	831807		
1004292	957673		
1007503	913935		
833653	937739		
875128	901741		
827746	811310		
863399	775254		
827190	894339		
1011058	827978		
841337	877592		
870148	895261		
786656	908089		
755057	717742		
756199	885137		
812206	861723		
838943	748718		
977366	841834		
846485	825602		
836693	810081		
890837	805501		
873945	833986		
781022	790640		
840128	753848		
871242	887525		
874760	956481		
889088	976098		
873181	818063		
1051878	887982		
1015125	939187		
1003789	823279		
880228	961144		
794587	822509		
848430	804948		
959569	843652		
923818	854200		
807274	768308		
790453	838434		
888418	799417		
890174	772741		
778189	977958		
774673	750232		
924261	750318		
711177	746418		
995206	743614		
984354	850140		
684518	781611		
804896	878985		
900048	936409		
934579	870188		
895748	818791		
820965	859265		
897611	842326		
806744	822288		
821814	730225		
900177	813462		
794033	739366		
776309	737125		
759878	841324		
767977	791469		
1066414	816169		
960730	953433		
890791	3679609		
931379	923043		
1068429	798849		
781769	964888		
889211	884434		
979476	973235		
1031151	765359		
1072795	866974		
847067	800639		
888902	854348		
1255249	906931		
898191	937753		
826032	760073		
837580	790313		
812064	829418		
824937	862429		
809204	925782		
960643	907173		
795849	787953		
793253	762200		
845754	861656		
819955	892357		
936963	851020		
1072224	956313		
871147	845518		
811312	860680		
893559	885277		
939818	958990		
948034	835319		
769926	812130		
745464	796926		
955569	843518		
846502	953437		
737946	930550		
875058	854966		
1012345	868771		
1124985	926006		
1126359	931226		
1032244	823489		
814250	968122		
876795	786999		
979992	983730		
830850	940734		
892466	772581		
895452	890761		
922083	875806		
920830	877964		
840145	840053		
1018125	846558		
828350	795429		
886949	952446		
908498	938089		
818757	696758		
845852	994430		
801408	818375		
818770	913374		
896055	780966		
901298	875415		
837584	863875		
976063	970460		
882568	818469		
807654	915612		
1033149	932052		
891022	832404		
765611	741260		
847386	944090		
825866	731859		
925005	914400		
834914	879282		
956736	1070925		
915321	921750		
1014308	869495		
750075	706450		
1001543	935728		
1063791	807823		
944003	877178		
1014734	872123		
933476	845838		
948529	978962		
848273	924606		
955924	877632		
750571	856193		
1006304	887491		
766405	830062		
976171	979350		
974614	1001409		
962893	908308		
866116	894854		
826638	819919		
825891	956807		
907290	907230		
1017824	826305		
970365	1131477		
1071430	846800		
980074	976525		
1022608	930930		
758759	864509		
869054	865810		
956393	876399		
896714	950041		
899418	1095809		
917526	907430		
849036	847288		
910134	911984		
878446	836077		
855007	925879		
912892	914335		
884157	828046		
792644	760011		
826149	3853245		
1041763	1057220		
1090141	863244		
971619	3432458		
951760	902583		
3100251	1012689		
999735	1043801		
976222	981977		
847841	891599		
867833	815245		
987222	896969		
807431	819170		
792803	711319		
860117	861366		
961040	889150		
826916	764034		
822165	787165		
863125	845533		
823737	886403		
1178655	964382		
910929	770616		
817876	854619		
847806	832840		
1057407	890057		
817021	835659		
875340	851237		
920570	890531		
809038	745388		
819436	985005		
748509	788746		
837279	804391		
