Bench : /home/adithya_bhatp/gitRepository/NFS_FUSE_Implementation/client_side/v3/mtpt/zzzTemp.txt : len : 20000 loops : 1000
WRITE	FSYNC	READ
4355653	752662		
4607801	769942		
4094700	872836		
4382454	828388		
4383258	956654		
4493300	1038247		
4633502	919484		
4262429	978287		
4088635	803427		
4231193	896497		
4548944	920539		
4532314	878552		
4248404	910259		
4646855	1049356		
5597968	874962		
4383101	926853		
4592889	955867		
4523142	943119		
4424208	874973		
4208167	938028		
4434536	792650		
4570697	1013818		
4426602	969903		
4527541	934360		
4394613	887962		
4415377	912767		
4935531	909800		
4636365	939445		
4465124	878837		
4871231	939549		
4967152	1065365		
4751099	901046		
5027919	956917		
4630030	1082546		
4693303	924152		
4869571	861406		
4478958	844618		
4493412	987067		
4704432	893301		
4626413	876936		
4627935	929783		
4481901	866800		
4638716	880697		
4403919	870500		
4842869	961134		
5028644	949457		
4410248	1018018		
4268148	798211		
4588123	828340		
4141759	838706		
4645783	868022		
4427700	1010738		
4784642	957498		
6779997	976734		
4438291	1077609		
4473629	1026808		
4800732	959065		
4687507	930391		
4138281	843658		
4402080	813864		
4446533	918167		
4985349	877470		
4529425	856720		
4423150	891288		
4735930	739691		
4913166	1001094		
4794350	1035971		
4500223	860423		
5094298	887113		
4652252	895219		
4686867	811511		
4802298	949551		
4369255	875176		
4359180	913725		
5804346	973497		
4826695	914891		
4991447	876211		
4687452	943139		
5488449	934697		
4550426	888273		
4908117	886962		
5022375	855882		
4279406	1038715		
4567314	907464		
4720032	972891		
4544989	1130968		
5168837	926440		
4769654	831448		
4346103	979755		
5038290	852737		
5225740	865417		
4702364	957898		
5792331	1076582		
7243519	955411		
4431792	980745		
4439809	743069		
4638517	1008846		
4389296	1051628		
4550273	775326		
4427277	819980		
4253624	1038991		
7480999	934059		
4512394	811435		
4598393	942843		
4831841	853023		
4674506	926630		
4400886	1024599		
4547136	947947		
4341933	872747		
4847424	1095693		
6132137	928998		
4469622	963876		
4504969	966599		
6431960	1123365		
5317732	987116		
4786579	936692		
7376609	845121		
5055128	852839		
4618314	917200		
5139276	881632		
4729447	943849		
4613053	932380		
4947679	919183		
4845386	918337		
4346828	861607		
4429333	828210		
4550746	1173389		
4292719	903230		
4344018	883003		
4550416	828841		
4295467	921178		
4397663	926383		
5094814	1020144		
4484800	896610		
4451072	927269		
4951430	962368		
4562137	1027974		
4322114	871823		
4368342	928565		
4329143	1757791		
4726419	863480		
4650825	937226		
4078095	858269		
4433266	734950		
4302389	849096		
4304738	956957		
4406729	884233		
4256435	957934		
4781210	872821		
4584355	811816		
4371600	976373		
4527761	981810		
4540973	821895		
4607345	1040852		
4403331	1000391		
4800767	919229		
5271999	941369		
4695334	1026227		
4349377	835766		
4556882	913560		
4813204	904315		
4722909	789178		
4770588	898070		
5141526	1428623		
4560460	820050		
4644600	911969		
4304666	844846		
4576142	951476		
4802776	794214		
4554581	956844		
4631612	918950		
4376477	942722		
4430604	882772		
4620880	1007245		
4969800	931813		
4678069	967876		
4741240	937323		
4926669	854444		
4716735	1150600		
4515059	873098		
4726049	1244458		
4903025	950466		
5801437	986340		
4789096	1076348		
4973237	1020800		
5485780	907739		
4985993	957974		
19213122	903111		
18974183	944039		
4483218	979800		
4788600	798973		
4515480	942760		
4680389	846050		
4615827	831760		
5179134	998196		
4746511	963872		
4860741	1029334		
4619858	940380		
4804691	1003004		
4655536	891625		
4304584	1040299		
4739382	886639		
4661583	1243035		
4904597	904869		
4783404	1045367		
4728295	819371		
4687415	1090842		
4565071	892055		
4216409	945945		
4530778	995320		
4454263	1041785		
5246399	1031632		
4310007	1047113		
4397064	887423		
4860000	964717		
5407976	902909		
4342088	868965		
4767491	1100879		
4528941	1036529		
4826180	994130		
4714870	921138		
4631173	822220		
4797933	824604		
4833368	932201		
4395394	872205		
4635250	911458		
4556831	793315		
4589860	1001808		
4310408	952943		
4676566	894242		
4582896	795828		
4951576	836282		
4927446	1070599		
4510572	947508		
4576372	992854		
4251046	844361		
4447414	1057054		
5914596	1052540		
5170740	1021255		
4598058	886228		
4548762	858410		
4615200	986003		
4253574	971676		
4125502	897646		
4753765	943772		
4484428	931614		
4502840	937055		
4832950	912321		
4662810	966425		
4585697	847518		
4683719	1080746		
4920992	913585		
4652094	894659		
4725195	1011023		
4813437	952370		
4822400	1111954		
4900939	927524		
5075083	903726		
5000368	885379		
4810929	1002784		
5283190	1046007		
18901729	876156		
4319235	829518		
4772694	920605		
6641363	1097901		
5098914	1033581		
4727305	900724		
6404475	1114032		
4766263	972973		
4857794	892877		
4402644	994435		
4783189	922493		
4560264	1004107		
5088043	1044757		
4867349	1079893		
4990255	980540		
4575018	932178		
4670390	887215		
4479349	862273		
4639564	883282		
4604964	1070341		
5702270	914289		
4569068	936471		
4623787	864222		
5288834	895869		
4714789	1063734		
4831768	992284		
4599560	1021272		
4930767	923311		
4543579	800192		
4915744	831761		
4882751	1009906		
4787333	851644		
4559404	869458		
4544064	796495		
5094758	849716		
4661769	906903		
7381981	1007598		
4564378	1045250		
4668646	924285		
5044235	959147		
4464024	920692		
4883277	984391		
4722519	942209		
4979396	1006108		
4781907	828715		
5134039	1039100		
4675758	961337		
4871637	1066214		
5013511	958080		
4560464	973734		
4482367	1031919		
4609928	933778		
4995461	1099095		
4700944	787271		
4416512	917330		
4712447	849264		
4489693	959298		
4632041	908573		
4568952	823518		
4483581	774580		
4340991	823612		
4505959	823854		
4677991	1031083		
4267108	934644		
4533974	978116		
4603986	1032413		
3972276	1071792		
4656606	884297		
4669139	1064896		
5122920	935027		
4421872	913422		
4617693	936225		
4679490	969236		
4367084	998714		
4601403	909475		
4891601	808030		
5108397	897683		
4232607	800306		
4772400	926205		
6005962	1018031		
4461463	877965		
4737631	864221		
4280210	949308		
4545747	867587		
4319712	880601		
4493722	788393		
4103221	793913		
4264028	910509		
4223072	748119		
4221650	924011		
4017815	925225		
4732298	858590		
4365393	940909		
4284287	804202		
4407093	821592		
4177404	783004		
4612420	823605		
5588866	942117		
4430882	927395		
4584781	937869		
4530481	915209		
5078501	855809		
4074476	978613		
4245118	942601		
4534048	954789		
4442201	946292		
4557811	835984		
4201267	941124		
4734437	934764		
4327401	817812		
4348256	803340		
4324667	861806		
4484556	964661		
4747787	867354		
4812987	923383		
4269876	845779		
4343943	974668		
4504407	872726		
5209881	897000		
5105447	792686		
4797011	981442		
4733004	847117		
4233927	938351		
4288902	1004824		
4497499	856494		
4620360	925188		
4630041	833168		
4578873	834511		
4672058	859363		
4569651	730613		
4706091	895028		
4791234	940662		
4586795	848091		
4541193	967925		
4478778	846478		
4660655	800887		
4430163	899966		
4352000	2141559		
4875694	883374		
4402955	940957		
4707834	869530		
8902336	959695		
4652586	1018940		
4646939	870773		
8134863	959023		
4913278	974430		
4621986	1087046		
4403258	1081863		
4913880	760273		
4306240	843014		
6781556	819543		
4836920	921363		
4399461	868004		
4278780	835320		
4231604	948906		
4844393	863219		
4538411	834970		
4204998	932216		
5061723	829142		
4576787	854519		
4673363	950636		
4298093	808566		
4140608	928031		
4800964	821658		
8943966	1011363		
4751108	880243		
4830098	943895		
4707034	1000587		
4517314	947170		
4534513	829012		
4553008	1605705		
4433489	979151		
4823763	902904		
4115940	718301		
4657117	928881		
4703764	934149		
4374123	927550		
4617417	879685		
4914065	835807		
4320853	834879		
4494589	922768		
4507721	807685		
4415525	928767		
4465383	786432		
4388793	820156		
4949822	903686		
4548624	874263		
5829166	901180		
4621612	817902		
4753137	919160		
4084316	789547		
5079734	920207		
4381471	804242		
4310338	937450		
4324538	702020		
4762385	882577		
4711864	958712		
4837947	796070		
4615456	840980		
4433849	919300		
4393658	982188		
4416652	924806		
4440862	769860		
4520441	968513		
4832331	1021112		
4716047	954323		
4329826	908982		
4519472	948504		
4953777	903044		
4493864	1047091		
4413469	793952		
4836919	1019263		
4717583	1860887		
4447285	1001003		
4880262	984869		
4533343	1031407		
4836127	901951		
4788452	922518		
4423070	861276		
4444996	791303		
4706122	961253		
5136963	957448		
4812033	888126		
4721134	920411		
4509547	1033364		
4517307	1045817		
4800812	964147		
4600201	920470		
4389552	916507		
4631177	855905		
4620418	902208		
4756495	984524		
4596473	941182		
4620677	1152149		
4483638	858654		
4553310	903850		
4589319	799318		
5240640	980305		
4620752	950535		
4037870	840114		
4692595	850810		
4891402	918076		
4688292	881714		
4447760	832266		
4675726	844679		
4363801	989532		
4779538	1034953		
5168317	1072734		
4734802	992868		
4718895	860987		
5130330	1066662		
4746726	947080		
4837649	931415		
4696351	1011714		
4866227	1094406		
4465505	983275		
4496018	823339		
4381635	915715		
4817838	873850		
4495530	1161134		
4706258	924716		
4383000	828849		
4632215	998813		
4641747	1000697		
4589326	1013174		
4429188	950614		
4487371	886533		
4386904	891386		
4611607	1124721		
4594740	935733		
4676262	1017025		
4412000	901331		
5010545	887038		
4952307	883288		
4584777	926361		
4647500	951734		
4351569	901796		
4632364	895195		
4998145	921884		
4437861	1018626		
4741951	947958		
4292507	908059		
4751419	1002492		
4617702	912031		
4821364	997283		
4737032	1018199		
4667331	812666		
4343504	888189		
4439736	949683		
5361608	1023581		
4593399	915322		
4772327	911697		
4623676	994939		
4773609	957477		
4501313	776703		
4218496	818465		
4527220	884934		
4354829	829023		
4493513	922069		
5122372	881769		
4795619	911422		
4658469	895544		
4634249	909697		
4948022	854794		
4830653	949686		
4512797	1109894		
5871170	811933		
4413481	933836		
4536339	853480		
4374275	906933		
4459129	789712		
4709703	838612		
4246364	842282		
4992979	900448		
5137332	970241		
4498281	864536		
4545995	807243		
4340447	880346		
4589429	915975		
4127006	817077		
4721873	908298		
4349800	928855		
4723310	914248		
4295942	876634		
4528487	950751		
4720299	927832		
4495880	804867		
6339681	815012		
4862314	966766		
4571550	851211		
6065352	956035		
4206637	874406		
4242601	920095		
6214292	921516		
4258834	838361		
4660738	892141		
4647444	877440		
4851297	912643		
4419299	901697		
4576704	953130		
4351117	856647		
4274674	838032		
4469152	854935		
4526740	965074		
4531772	954267		
4472733	976945		
4702190	864381		
3895424	890696		
4118599	915529		
4268310	847154		
4340687	828841		
4238227	880819		
4194530	1000043		
5060665	861831		
4139222	949437		
4105543	864250		
4602175	972524		
4374656	780920		
4511480	868135		
4428246	935905		
4399341	956071		
5389024	930555		
7046457	849234		
4655347	949150		
4279578	981054		
4651635	832931		
4936532	842268		
4546883	835553		
4187622	852689		
4928053	814995		
4489687	809036		
4501280	827878		
4134844	963599		
4192972	884125		
4276823	925918		
4369857	851017		
4629212	943361		
4504133	814081		
5009613	926805		
4466273	955374		
4677198	902723		
4542909	932702		
4485177	886931		
4564211	823319		
4156155	1192357		
4570268	970603		
4410092	860210		
4574200	924601		
4305622	785010		
4477691	852448		
4339229	753743		
4667722	795706		
4459152	804926		
4589060	765854		
4440233	950492		
4521894	880885		
4441982	847945		
4412760	864371		
4614781	1097520		
4462201	990951		
4552978	951373		
4674676	785841		
4535837	882278		
4494139	826208		
4516154	905706		
4662880	1069975		
4260003	946106		
4363086	868058		
4723255	943957		
4548985	989291		
4598623	790174		
4582791	939399		
4436075	941428		
4923279	985008		
4455211	896072		
4566727	915649		
4543737	974889		
4912512	939768		
4468206	952798		
4605611	1012112		
4374038	942760		
4609891	1054596		
4280224	1033637		
4820402	1000804		
4704778	888752		
4917656	1080071		
4563890	868885		
4887390	865239		
4026722	697257		
4521046	885013		
4380686	917814		
4784872	905397		
4624255	864729		
4922029	1087185		
4500085	795951		
4174558	1027319		
4693760	977686		
4543153	956950		
4759472	972413		
4718201	898805		
4493439	817468		
4775129	865803		
4712722	928308		
4971107	977700		
4506297	973205		
4795250	928148		
4572460	937724		
4667257	886987		
4954336	974511		
4640695	905511		
4625274	948550		
4434153	916869		
4864388	873693		
4210402	848531		
4890258	1130805		
4470160	889505		
4565275	885473		
4769052	784635		
4544189	1110084		
4604933	861020		
4360744	887447		
4389225	981075		
4982656	836936		
4702475	1897279		
4919967	990227		
4598871	987483		
5335940	898022		
4620553	957651		
4413698	835270		
4653149	995504		
4659480	948133		
4569452	1016658		
4886982	937361		
4443658	971947		
4675794	1123859		
4945891	976214		
4648636	915974		
4601959	900949		
4601770	855254		
4776908	950677		
4815178	1328792		
4567561	993126		
4806973	1024580		
4596272	852821		
4737678	1389870		
4378881	1024889		
4684233	963017		
4473526	901248		
5757306	891189		
4396426	968136		
4525375	899668		
4623469	956188		
4732627	850976		
4386033	851378		
7010489	1043147		
4670757	835984		
4610869	841245		
5355699	859460		
4216604	974810		
4688182	863294		
6145297	886367		
4385400	849299		
4725472	1045142		
6495370	923976		
4597097	810235		
4750373	937657		
4617182	788547		
5217854	910784		
4756589	912626		
4695572	894117		
4829650	906305		
4671497	862746		
4846809	1011180		
5707822	935009		
4494596	999314		
4425072	964494		
4920574	950895		
4556843	828191		
5364884	930598		
4264695	923283		
4968345	885437		
4769211	1040791		
4320786	810613		
4947721	825237		
4423477	851474		
4249474	881734		
8214359	887829		
4923776	944194		
4609245	813762		
4623431	763520		
4262495	885566		
4326239	1005865		
4432958	859482		
4510875	808071		
4441984	851719		
4543531	925914		
4462606	844437		
4499609	993750		
4997426	807086		
4333235	1061066		
4378015	853255		
4749459	924524		
4856056	845031		
4813820	823124		
4720426	880537		
4629730	960191		
4599625	917764		
4469181	925056		
4371585	990877		
4864976	866236		
4496316	893917		
4585882	926099		
4421392	837070		
4668319	817138		
4480423	797998		
4219964	932940		
4386444	998986		
4719878	921932		
4195075	876360		
4110315	921736		
4137701	1017487		
4583356	916858		
4437913	773101		
4424041	805317		
17125062	971125		
4637361	888640		
4922098	799946		
4419890	863249		
4337570	860140		
4236723	801294		
4403257	943128		
4221612	892500		
4269947	974382		
4427729	876021		
4860486	899492		
4446632	862653		
4543127	1025482		
4766636	854209		
4786979	842600		
4601083	981635		
4992095	786250		
4104581	822169		
4422220	941554		
4260071	922326		
4517909	842004		
4081377	831067		
4513256	877235		
4430816	948938		
4273287	880461		
4711313	801686		
4307525	901138		
4467712	1005367		
4160510	876198		
4262868	980716		
4462890	834850		
4238637	787512		
4452850	931302		
4617125	791027		
4705062	863057		
6769025	813817		
4502704	895140		
4504811	782380		
4422401	911703		
4504932	844932		
4700864	1112824		
4432094	1005744		
4621388	865888		
4473782	808690		
4568076	936329		
4410669	920601		
4575458	806570		
4214540	1006553		
4640860	808633		
4695975	823140		
4869265	811532		
5163404	841847		
4449769	832858		
4460187	945647		
4227198	954278		
4383807	1032970		
4472307	828957		
4325365	1012034		
4450733	847947		
4238690	841961		
4661126	904771		
4944680	914802		
4897157	1005995		
4722932	937823		
4875195	946654		
4490168	928948		
4553775	16567839		
4955114	930422		
4936518	3611061		
4496034	1096949		
4990258	1034326		
5027142	957789		
5205721	949110		
17940539	1051200		
17819986	952524		
4517586	937256		
4469608	991086		
18089083	949700		
4834355	934878		
4686362	894894		
18824720	882109		
17913555	874075		
4783024	935088		
5007963	872182		
4716808	908546		
4705580	858285		
4519798	931160		
4596811	866775		
17888361	983176		
4645896	901233		
4753452	1060818		
4829799	936195		
4538597	945532		
5115203	900792		
4721224	1000574		
4788195	964293		
4609154	869410		
4952513	1022955		
4489890	962065		
4482382	973985		
4574855	822734		
4792935	925412		
4572286	966547		
4461009	947482		
4240452	897499		
4514853	1074536		
6168739	833071		
4278365	830333		
3887988	908965		
4747842	826652		
4513222	859888		
4333770	895451		
4398618	794214		
4573786	903597		
4627521	929502		
4547195	969000		
4723139	946732		
4313953	1086177		
4513045	1019993		
4296545	823641		
4546054	810322		
6063455	865104		
4459901	887995		
4453650	812942		
4485500	1017135		
4458193	863115		
4492818	812770		
4210438	767216		
4270686	828247		
4280678	784357		
4164446	794339		
4477149	925421		
4203646	890398		
4305360	838252		
4395253	928437		
4378775	978745		
4455622	793555		
4083924	803426		
4162569	726786		
4447489	854209		
4078199	1026529		
4156280	845836		
4444919	801900		
4157046	1021244		
4368335	813357		
4189956	902904		
4607761	915467		
4607499	856956		
4660440	788707		
4553569	842094		
4166821	924643		
4273932	1003400		
4747209	927138		
4603923	896470		
4441424	968781		
4144995	827273		
4188570	790908		
4181749	891530		
4141120	972643		
4462005	835780		
4432010	933847		
4427075	992160		
4823748	878337		
4483824	882137		
4222308	921989		
4059758	910798		
4404464	854089		
4871300	966986		
4832575	1013185		
4686390	800892		
4321756	900544		
4228864	808596		
4309642	856079		
3861189	734729		
4361772	1041431		
