Bench : /home/adithya_bhatp/gitRepository/NFS_FUSE_Implementation/client_side/v3/mtpt/zzzTemp.txt : len : 40000 loops : 1000
WRITE	FSYNC	READ
9232790	964229		
8422077	1106086		
8914832	1038870		
8766938	968994		
8900323	824213		
9296568	847897		
8825437	909614		
9105168	944553		
9043599	898715		
9388894	835867		
8981992	863160		
9167471	1074507		
9339748	1129392		
9721312	930939		
9173036	1035266		
9513771	885670		
9371764	971217		
9271342	852059		
10804089	986174		
9218125	1078169		
9631983	1057031		
10331074	1045796		
9709346	902071		
8863824	931944		
9139828	916958		
8466279	925826		
9071205	1045114		
8859212	1083752		
9107943	877157		
9519943	828036		
8941391	903900		
8707771	899387		
9285372	2987448		
10155347	1032550		
9964100	1082805		
11743953	927540		
8664743	2205718		
8888049	909448		
9634007	871215		
9030006	1004919		
9409162	832838		
9295721	953652		
9204043	836529		
8587316	1106168		
9089980	1051253		
9501722	1040820		
8821189	889096		
8789316	954426		
10096378	988196		
9992844	931049		
9607669	848261		
9645202	937605		
9434003	891999		
9466822	1021424		
8965921	826031		
8570360	999917		
9293085	894181		
9333675	996468		
9031567	946676		
8430948	941294		
9128853	1030403		
9457531	983173		
8590799	834866		
9357112	990758		
9538163	826886		
8761138	779967		
9161776	1115396		
9273309	892848		
9341300	788432		
8569755	912059		
9234308	1065694		
9001620	914575		
9499617	1104143		
9025640	872130		
9158522	903420		
8521823	767216		
8563369	837043		
9165782	1802653		
9202735	906750		
9412948	894825		
8928060	819428		
9062864	781823		
8544268	1022857		
8856399	904017		
9129109	868275		
8768149	920680		
9231001	845345		
8913742	924932		
9175127	846890		
9101031	1205293		
8320653	870149		
9063694	1020514		
9310424	905180		
8912176	996129		
8474946	1411150		
8784054	971869		
8538717	894422		
8921842	911863		
9359777	880278		
9092497	1000835		
8792599	813665		
8469238	883925		
8712648	1100677		
8864499	858704		
8916760	907242		
9031045	935749		
8833971	931294		
9221303	1052416		
8967142	879279		
10605193	1034802		
9419365	1008559		
9087623	948668		
9012759	1081440		
9121204	1041786		
9103154	878137		
8795574	804631		
8854502	815752		
8777053	853388		
8761587	980737		
11787314	940224		
9033984	809312		
9058964	993065		
12090158	927508		
11645539	1043540		
11827332	1098097		
9277903	999294		
8362943	940579		
9372853	904062		
8488463	932030		
8425174	982043		
9338778	886299		
8960236	877767		
8798838	850184		
9015278	921960		
11629523	950666		
8254371	906664		
8564876	1113692		
8685259	990742		
8437134	809746		
8435983	871907		
8250362	3286364		
8621922	869386		
9261716	1018421		
8163711	779610		
8532316	847412		
8378814	811380		
9809003	952039		
8505338	841081		
8482643	906381		
8814307	780586		
8269902	834778		
8622525	882307		
8549314	963168		
8692660	847519		
8821177	910696		
8954419	891730		
8677289	904571		
8481642	846793		
7920330	831540		
8683274	970529		
9021072	881968		
9213835	1080035		
8787453	946625		
8282559	851178		
7728312	977151		
8313590	799717		
8027724	773006		
8618601	838406		
8727899	860413		
8737494	790552		
8708214	903595		
8080524	780494		
8769616	838141		
8803268	936184		
9368036	938888		
9277767	977271		
14850232	819544		
9006324	1101111		
9054173	945443		
9494107	1054891		
8851756	989546		
8361106	896460		
8774193	900802		
8339078	901925		
8656841	858046		
9021789	879512		
8580172	846483		
8584477	870047		
9140214	882479		
8118967	845463		
8539858	1066995		
8827944	878158		
8822547	994370		
8491653	889843		
8703881	983835		
9166158	885206		
8419978	844279		
8644262	1688850		
9627377	860976		
9240226	14710633		
20893087	925395		
8681965	794360		
8806642	855999		
9279665	960834		
8409547	825596		
8179796	816359		
9057447	969357		
8833976	851884		
8903246	907311		
8604053	712118		
8217788	913221		
10433201	889495		
9117229	930281		
9104080	993048		
8912815	886357		
8752699	1036342		
8448548	912902		
8539608	900003		
8867409	829482		
9224046	967456		
8986722	969398		
9642067	912687		
8391238	925069		
9016112	979280		
8412714	854473		
8670557	1043121		
9356635	1001626		
8959083	954683		
8645197	808562		
9157067	986024		
8253777	964799		
9010606	864795		
8728025	1145942		
9183049	944869		
8978697	799125		
8822292	834951		
8377960	749590		
8896374	927982		
8727245	856733		
11208750	993255		
8643136	855177		
8850632	1102037		
8842120	863377		
8755749	875815		
8644836	841059		
8615478	943452		
8927721	1019868		
8729975	896261		
8944640	1062363		
8490631	1013524		
8742139	877282		
9125398	899853		
8186761	920183		
9229918	876653		
8583320	942639		
8650470	898990		
8683320	857896		
8964959	884362		
8675630	907351		
8549307	816391		
8683244	895833		
9713468	796888		
8829578	899374		
9330476	1078703		
9345856	871240		
8536728	802218		
9027727	988897		
8795460	877039		
9182304	885838		
8895389	922050		
8766182	923068		
9035230	955918		
9304089	1026019		
9066476	894530		
9238431	869551		
8805671	1068370		
9143109	891827		
10123041	14607153		
10003982	1014355		
9103630	953565		
8478960	931717		
9830879	1087701		
9517301	981348		
8754098	919575		
8814781	885831		
9597234	909446		
9363910	928823		
9896496	929871		
10088725	1019385		
17578112	856395		
9213209	899343		
8617708	968706		
8803638	891991		
8726846	822221		
8492541	892649		
8918087	960182		
8600770	898687		
8183117	817169		
8706021	917044		
8625806	928169		
11857111	833622		
8884089	820194		
9592443	872108		
10518280	867517		
8655409	901213		
9394834	902598		
8385797	959906		
8235997	838845		
8388313	929994		
8816196	815325		
8463043	873893		
8052886	981679		
9269227	1060097		
8856945	974094		
9291621	969863		
8655077	958313		
8767477	912820		
9209291	824535		
8388163	853798		
11345524	1053033		
8847737	805226		
8940082	972847		
9476857	965853		
8318389	914716		
8344744	800764		
8385974	761863		
8395761	913655		
8520950	844219		
8807682	940513		
8580612	904742		
8828728	897168		
8930763	878769		
8805795	837148		
8728391	962439		
8759183	950503		
9102539	969446		
9298827	874747		
9101843	868245		
9023119	1033606		
9348477	908076		
9134399	960304		
8793848	1104193		
9431772	880445		
8994741	777524		
8524758	865479		
8857208	1030494		
8848270	903186		
10162077	993880		
8705138	877877		
8839789	1073183		
8780154	764866		
9327375	883569		
8741309	851643		
8405005	931699		
8889574	968054		
8640443	999804		
8849912	925560		
15181914	1134451		
8601831	854137		
9103675	910063		
8685157	934583		
8412357	817259		
9595346	861400		
8896661	817606		
8993890	1043629		
9614139	1016819		
8985079	1001572		
9142582	962355		
9158111	1004221		
8811539	902712		
9391858	817684		
9019632	899514		
9840139	881468		
8537308	926600		
8849771	1011474		
11285221	867585		
9603327	880976		
9533074	998462		
10169780	942992		
9569162	912261		
12383820	938879		
8751395	957608		
9119100	1028351		
8815101	907352		
8848415	1014098		
9207969	834933		
8990193	952754		
9278601	917991		
13760684	951593		
12950120	997877		
9401133	826736		
9249888	1097297		
10523213	912505		
9120569	962169		
9691309	979879		
9108155	1075812		
8795853	780707		
8480414	1050033		
8848607	794607		
9223200	1010599		
8967482	983151		
9943676	928992		
8622745	843095		
8916767	881337		
8568325	995934		
9319608	885833		
10334955	911005		
8727883	835260		
9044488	1030487		
8834433	952261		
9588493	964897		
8717012	968392		
9425356	874545		
8673683	910008		
9447363	920508		
9082208	957650		
8469229	922984		
8983336	812202		
8831090	1004611		
8512753	960640		
8607109	909709		
9018986	900994		
9023731	957072		
8723371	858541		
9013264	996472		
9183926	952659		
8607265	971417		
9276515	845293		
10350254	987640		
8890234	913900		
8921804	910060		
9311286	901701		
8839252	831159		
8970875	932413		
9149201	967210		
9793474	1039835		
10046091	1003715		
10056344	2354412		
8702940	885480		
9710620	910661		
9487154	883299		
8890473	860352		
9162506	803703		
9222457	901418		
9157587	933114		
8939615	849218		
9232962	926666		
8989900	2968876		
10777177	1004101		
9897170	941084		
9445284	927781		
9128170	1416758		
9903023	1290839		
10749920	1006680		
9531597	939864		
10041568	962146		
9973665	1236052		
8755503	1007476		
9441600	1521266		
9897048	826671		
9184534	887413		
9404393	1279877		
9704236	1075108		
9561533	981370		
9737558	936093		
9620204	917071		
10072011	912913		
9712475	947333		
10658781	1072705		
9600950	989231		
9138511	1036961		
10329113	918527		
10160349	950362		
9496876	1027991		
9705435	866343		
9104295	962696		
15376715	1122695		
10161263	2613463		
21016013	911008		
9882103	1046606		
9438087	1109297		
9960698	850843		
9361963	977778		
9742218	1046196		
9763906	1011594		
9399103	1028072		
9144259	1021460		
9838924	1184022		
10070100	1049957		
9632512	977725		
9224576	1066225		
8918074	910512		
9333492	939918		
11277233	936887		
8557648	954120		
9656219	983437		
8436757	904290		
9217156	867889		
10244424	968020		
10263896	899298		
8611093	818832		
8767919	926426		
8663101	728003		
9080297	862005		
9467440	869005		
8886326	830328		
9816739	871821		
9392606	1019518		
8691150	856506		
9465259	894379		
8762218	932427		
8836301	933774		
10084817	934700		
9210155	890427		
9343243	1087022		
9393609	904276		
10453103	948514		
8855094	1019808		
9231551	1096327		
9088368	878121		
9067563	1056635		
9122212	847574		
8848581	966477		
9161986	972973		
8941979	838546		
8817833	975013		
9364296	865085		
9842970	1015432		
8835531	937330		
9346030	859738		
10188718	971353		
9531020	970106		
9445216	945809		
9407166	841665		
9951582	958388		
9043801	916803		
8995804	906558		
9044812	957413		
9078957	976737		
8848151	947372		
9277356	890879		
8799265	921531		
8829720	938886		
8495948	866501		
8731497	943960		
9068129	889365		
9209258	1021457		
8844327	920642		
10647262	929154		
10183951	1065527		
10112715	975325		
9272813	1041880		
23456571	1021066		
8835758	960947		
8863981	1002738		
8588243	953949		
9032793	956453		
9181695	876676		
8667675	905276		
8834197	885599		
9447797	1052343		
23020402	978619		
11847555	924577		
8835911	921063		
9908309	807956		
9047346	926603		
9022201	1038725		
8949660	864193		
8229473	896383		
8723430	960897		
8677375	888131		
9307810	976423		
8563683	786676		
8328276	875839		
8573446	932447		
8542495	744559		
7888658	857534		
8701200	1042707		
9390216	971972		
8722287	891675		
8725515	958996		
8965625	775120		
8672076	912322		
8548019	873233		
8517594	908711		
8311488	949052		
8704923	904211		
8508742	901275		
8844146	848645		
8509117	873312		
8579290	893759		
8237267	806623		
8602342	946203		
8667168	944380		
13008017	1009703		
8503919	950979		
8518324	799675		
8248623	862250		
8415365	836625		
8810659	865327		
8088119	963910		
8761498	878996		
8795164	802317		
9063235	1037477		
8872856	806944		
8742677	850711		
8363753	882078		
8401961	1108713		
8985075	1025036		
8450587	936194		
8697117	876163		
9156587	899643		
8799602	835130		
8783655	800251		
8933041	760170		
9187109	1007429		
9513670	1158286		
9972413	936112		
9494153	940574		
8786656	943469		
9214931	948601		
9078215	860684		
8954964	939234		
10863080	929317		
9366995	1097484		
8434389	921780		
8653628	870912		
9044904	963076		
9707820	989695		
8926684	1242647		
9019953	979008		
9495719	890619		
8571693	823017		
9035681	909262		
8821253	958665		
8366935	930283		
9054542	969896		
10215035	919349		
9607335	1033694		
23671042	873028		
8917123	892064		
8704546	842534		
9013521	953161		
9339855	1023430		
9436703	866762		
9406312	1128613		
9535153	837034		
8734868	863763		
9031758	795439		
8315703	898052		
10491301	1016110		
8612369	964013		
13588784	825918		
11333574	960823		
8680052	761027		
9042907	894456		
8569636	827427		
8683824	773590		
8848019	944759		
8903525	984005		
9438612	972445		
9190162	959707		
8352959	984028		
8959657	1111598		
8702193	843058		
9056754	890016		
9115649	842181		
9498434	962499		
8820127	956196		
12885572	973434		
8708003	866427		
8531535	897762		
8703484	855949		
8599886	933777		
8427450	935579		
8297659	906125		
8829852	813689		
8681729	905305		
9246611	799230		
9209689	1005070		
8762150	883123		
8188776	934523		
8082572	877058		
8794591	975976		
8437273	855362		
9049308	871245		
8532419	1181281		
12850652	856961		
9055150	938459		
8914507	826973		
9108993	960210		
9283222	985608		
9330534	1182308		
9062443	893999		
9004362	906226		
8762831	918787		
8698290	926635		
8591241	887729		
8355753	826910		
8775951	912230		
9151168	899668		
8720460	769273		
8669072	725086		
8773050	843675		
8741849	919258		
8475422	800828		
8520983	851739		
8837311	821550		
8700253	1070054		
8345827	866090		
9511417	926008		
8898336	920451		
8751939	1021699		
9856971	890499		
9063540	874119		
8922028	951366		
8666577	852260		
8857086	938937		
9318887	875118		
8941559	965526		
9071636	1066259		
9468843	1024644		
9434164	945917		
8721636	1023863		
8539187	741100		
9974439	934054		
9927400	942006		
8914656	968343		
8835840	904954		
8952073	863269		
7970632	886702		
8333699	906618		
8797670	854136		
8288666	871259		
8510705	989471		
8562542	842088		
8535506	864534		
8282760	887201		
8715570	830655		
8535148	807412		
8379144	823868		
12164626	812659		
9198181	1943350		
9118968	906767		
8702865	748840		
8438446	798237		
8256042	750140		
7991447	902913		
8607019	874949		
8219452	951636		
7843332	770576		
8151614	745186		
8271869	957203		
8484871	867243		
8768733	1080060		
8535288	864731		
8215172	870870		
9531224	944617		
8805392	944879		
13520249	937536		
8654159	867899		
8593275	885179		
8320992	746941		
8603829	901845		
8454907	1025966		
8584573	982321		
8191596	794420		
8632608	911048		
9512805	1000280		
9539783	918814		
9055488	917973		
8521263	950873		
9033470	1051090		
10170350	1004854		
9863533	987029		
9771147	937820		
9020139	922185		
9227425	1014204		
9000652	966278		
8863729	930556		
9029213	1067238		
9514970	914005		
8811506	940256		
8576731	876578		
9353671	954357		
8875370	880446		
9769540	837357		
9127304	971979		
9011498	903752		
11114111	1013806		
19405801	872645		
9490392	885689		
9661620	903852		
8988922	1032211		
9267139	921646		
10055233	1016702		
9340327	890093		
9759725	926638		
9061166	914894		
9291624	1076639		
8995805	926603		
9416747	933190		
9456732	1005531		
9703452	930275		
9626020	771607		
9445807	920992		
9086798	903579		
9407119	866843		
8966372	876714		
9784702	975855		
9904249	891132		
9213473	1036112		
9706616	849086		
9224106	888835		
10146998	1171802		
10217519	973627		
9211196	883775		
9247513	938319		
9132653	959220		
9449458	829771		
12249456	991272		
8990084	879060		
8868390	926165		
8982746	847325		
8585665	955672		
9376267	855699		
8959342	911421		
10010687	1286032		
8904938	855505		
11755352	951146		
9137983	1943619		
8853777	975401		
9355423	796441		
9013365	979265		
8885512	938499		
9063733	900620		
9272948	909442		
8475178	1006865		
9297027	968339		
9015965	1064865		
9074370	1004545		
9126437	849179		
9036664	941854		
9169015	1037044		
9603636	986566		
9109497	900061		
9212439	849358		
9352767	963286		
12430688	1013533		
8916415	891299		
8286987	768144		
8480126	922868		
8680708	936417		
8814457	1071097		
10798432	967572		
8741167	851499		
8418196	850397		
9231785	949790		
8704537	919985		
10623360	1052956		
8987862	922734		
8546851	807713		
9343832	2346726		
9276876	917550		
8835806	928289		
9247936	880656		
9279487	971426		
8865105	899624		
9067365	872352		
8860256	963751		
8735665	918064		
9004976	912226		
8934925	904473		
8932780	869461		
8967990	908199		
9218717	906002		
8618672	932987		
8682754	901759		
9424999	882319		
9656268	1010028		
9081653	999287		
9596475	990415		
9290414	1021990		
8961715	1037332		
8719062	927773		
9551336	1032161		
9441081	1001357		
9024401	999149		
10000918	828577		
9342107	1006483		
8982875	907987		
9134238	905627		
9639533	975796		
10050852	1027697		
9569137	1013202		
9358014	1120903		
10042724	969824		
10261512	954532		
9740397	825071		
8964744	971582		
8960935	907752		
9978962	921403		
10179031	1061480		
9694835	960539		
13285954	974949		
9533568	878185		
11965534	953299		
9188020	1041907		
10280171	944860		
9984729	1025445		
9809246	970904		
10356348	957983		
10669416	979530		
11026823	1025376		
10101252	804315		
9010287	900353		
14997625	1084992		
8739632	2516271		
8835228	1021135		
9397963	916001		
9028676	823116		
8664699	1025400		
9075373	933306		
8943992	839330		
8792611	943640		
8515120	1017585		
10601813	848537		
8988477	945568		
9258854	962424		
8964136	1000336		
8695627	896862		
8754776	1002112		
9466855	990925		
9024549	878581		
8764092	967759		
8834853	948788		
8811113	901740		
8620049	908840		
11132237	973380		
9309980	1067938		
8709112	923243		
9142146	1000526		
8772786	1002470		
8697528	964868		
8814874	877515		
9203441	950437		
9361448	940639		
8801048	932071		
8931133	953994		
8988105	788745		
8685796	976292		
8215284	826532		
8938586	858199		
8441804	925716		
9102730	1088576		
8516643	1103936		
8506860	878601		
9231567	921836		
9195605	982335		
9066263	803388		
8316652	929731		
9694923	806821		
17398506	984072		
9107682	967963		
9113058	812409		
8690591	819938		
8468887	875754		
7921253	853571		
8662262	907310		
9736192	1028410		
8538314	825542		
8638955	831784		
8653523	777985		
8986888	909141		
10041816	965479		
9278282	928700		
9337298	868496		
8945478	903875		
8346587	929228		
9186916	885765		
8978924	965156		
8792145	932779		
9144067	953571		
8735716	792053		
8262061	935378		
8624707	870114		
9379629	1111842		
10302342	945081		
8590506	867847		
9176928	1008632		
27707266	1022984		
13312081	920129		
9120238	900064		
9141570	983823		
8449344	920244		
8884001	884073		
8367149	901784		
9073469	933764		
8859340	981410		
9161250	930070		
