Bench : /home/adithya_bhatp/gitRepository/NFS_FUSE_Implementation/benchmark/zzzTemp.txt : len : 1000 loops : 1000
WRITE	FSYNC	READ
3353	2099155	3331	
5239	1822430	5854	
1429	1932891	1886	
1420	605138	3765	
1788	1981314	1871	
1889	585630	1519	
2455	650889	1247	
1165	630853	4309	
2428	1922636	2268	
1911	629699	1665	
1217	658856	1831	
1921	604973	4074	
1735	1956026	1958	
1848	606124	1382	
1231	598083	1680	
2340	599301	3835	
1692	1739915	2315	
2049	634479	1386	
1245	677279	1482	
1290	613050	3274	
1758	1843986	2257	
2043	581167	1459	
1276	594986	1421	
1245	572269	3392	
1662	2011460	1951	
1978	685291	1707	
1655	711624	1683	
1254	674970	3887	
1703	1977291	2016	
1670	721997	1475	
1264	663869	1455	
1191	654129	3965	
1698	1926330	1927	
1519	637151	1575	
1261	574917	1492	
1190	593921	3798	
1642	1805900	2070	
1408	581150	1749	
1272	581399	1529	
1257	591057	3681	
1651	1978417	1902	
1363	582642	1563	
1246	647554	1439	
1186	552558	3864	
1686	1936145	2274	
1881	616900	1609	
1300	628386	1518	
1326	656500	3657	
1729	1995634	2098	
1827	567038	1559	
2323	556698	1593	
1248	641770	1448	
2295	1928192	6451	
1429	1735652	2162	
1457	708078	4006	
1749	1866280	2436	
1632	587401	1582	
1253	517504	1380	
1201	578947	3504	
1688	1818143	2136	
1866	589271	1463	
1257	605376	1882	
2570	561485	1509	
1230	591541	3648	
1631	1713444	1799	
1414	570652	1487	
1204	524582	1186	
1268	600384	3606	
3236	1651652	1858	
1393	615742	1638	
1711	553432	1806	
1320	586975	1445	
1251	531211	3744	
3836	1736958	2100	
1471	542049	1681	
1323	543835	1873	
1831	647153	1727	
1280	594577	3924	
1712	1844618	2001	
2149	537774	1532	
1281	570663	1723	
1250	612424	3603	
1687	1746123	1808	
1472	626760	2025	
2305	605988	2063	
1408	663008	3903	
1737	1853285	2315	
1904	565745	1599	
1281	519577	1322	
1242	578320	1274	
1275	587946	3774	
1704	2000359	2348	
1938	635554	1493	
1311	606736	1397	
1279	637445	3521	
1671	1967300	1929	
1931	636628	1614	
1357	592843	1259	
1214	641565	3965	
1707	2057912	2361	
1722	570418	1431	
1275	560414	1363	
1254	590090	3133	
2800	1975888	1897	
1857	610652	1445	
1265	601108	1378	
1252	575242	3079	
1654	2040212	2016	
2714	613185	1659	
2382	561640	1502	
1280	550019	3749	
1935	1960228	1980	
1391	623839	2088	
1456	649379	1678	
1321	640200	4004	
1848	1883767	2114	
1365	548773	1394	
1277	624560	1907	
1307	565530	3431	
1608	1900250	1991	
2090	647398	1764	
1344	697841	1789	
1656	567343	3227	
2445	1938863	2304	
1769	653658	1592	
2084	616396	1841	
1785	629327	4946	
3364	1987933	2051	
1752	637877	1713	
1420	639149	1860	
1277	628118	4153	
1685	2176374	2536	
3065	679363	2667	
3413	598652	1886	
1340	668347	3401	
1769	1985200	2106	
1459	591662	1803	
1351	626715	1888	
1342	704013	4540	
1733	1912375	1785	
1508	691525	1808	
1406	633660	1819	
1349	603895	3704	
1751	1920799	2408	
2821	637998	1977	
1415	579874	1501	
1354	763440	3835	
1735	1882309	2152	
1901	599898	1864	
1271	561699	1523	
1288	532275	3626	
1859	1715727	1997	
1465	606765	1972	
1373	544162	1628	
1458	684012	3727	
3129	2140448	2350	
2076	619109	2088	
1391	563385	1168	
1246	568842	3900	
2362	1769862	2183	
1545	612915	1643	
1333	555238	1497	
1276	582699	1439	
1388	655864	3340	
1729	1910696	1851	
1802	653347	1753	
2392	611001	1471	
1240	598525	3303	
1667	1839054	2180	
1485	676726	2026	
1342	633386	1913	
1430	637519	4056	
1697	1987767	2112	
1367	636499	1694	
1239	707164	2044	
1252	609373	4544	
1739	2063930	1991	
1837	642033	1506	
1426	703846	3234	
1721	1934470	1978	
1937	736137	1947	
2409	611468	1525	
1239	656864	3641	
2720	1977184	2438	
1903	698733	1472	
1238	654532	1806	
1270	642703	4081	
3550	2034218	2194	
1733	586617	1834	
2534	623933	1929	
1822	715382	4421	
2062	2276473	2002	
1661	665582	1785	
1552	683643	4454	
1763	1947096	1905	
1423	595410	1487	
1266	623040	1469	
1280	614283	4233	
3319	2040902	1900	
1596	631419	1681	
1317	718125	1559	
1631	624481	4730	
2956	2122931	2328	
2124	628750	1735	
1390	518415	1433	
1641	680067	3942	
1639	2075942	1756	
1483	731334	1628	
1392	648038	3614	
2755	2079972	2405	
3083	739385	2231	
2250	661239	1512	
1320	638665	3524	
3021	2058086	2540	
2221	624721	1468	
1271	759387	3675	
1852	1890893	1831	
1481	577087	1749	
2047	638027	1696	
1304	647335	4113	
1755	2220551	2282	
1993	628603	1824	
1711	551271	1500	
1284	592102	4564	
3541	2044177	1849	
1379	673957	1594	
2204	584466	1472	
1300	624298	3695	
1692	1911826	2406	
1731	670295	1587	
1355	687933	1524	
1300	563490	3222	
1603	1887018	2195	
1941	631322	1521	
1320	684716	2298	
2786	695000	4653	
2909	2026334	2129	
2037	551413	1703	
1357	700352	1710	
1312	648966	3896	
1708	1892788	2116	
1854	671469	1901	
2764	702421	1746	
2449	608292	3996	
1718	2050814	2326	
1997	578432	1560	
1392	707765	3431	
1680	2029868	2453	
1699	675749	1465	
1332	617873	1325	
1273	653924	5275	
4022	2126916	2276	
1579	670893	1769	
1300	661491	1714	
1179	608709	3662	
1625	2045762	2514	
2157	584738	1539	
1337	673532	1552	
1347	669670	3541	
1700	1839919	2171	
1980	632362	1863	
1820	576039	1341	
1248	621209	3647	
1618	2078880	2114	
1478	683441	1900	
2398	635695	1624	
1272	624037	3611	
1711	1979347	2403	
2100	674808	1965	
1535	646350	4211	
1692	1891965	2066	
1935	717546	1799	
1343	618799	1631	
2108	637871	3714	
1756	1913035	2370	
1998	701263	1908	
2326	688306	2085	
1580	617254	3994	
1720	1964594	1880	
1444	555972	1580	
1374	662092	1477	
1361	662438	3426	
2543	2036388	1971	
1987	631977	1495	
1303	678550	1398	
1239	766607	3662	
1681	1929818	1949	
1955	670408	1426	
1295	669676	1595	
1302	642437	3397	
1628	2013300	2149	
2811	696906	1880	
1633	592945	1415	
2256	2027572	6753	
1740	1959972	5543	
1905	1929161	3293	
2633	685365	2800	
3059	678867	2186	
1500	565009	3854	
1798	1905919	2204	
1488	661004	1868	
1511	628835	1574	
1319	675653	3120	
1693	2056500	2142	
1888	740081	2120	
1827	663174	1586	
2711	692589	3960	
2442	2194972	3011	
2811	615782	2169	
1826	652398	5517	
3915	1947888	2587	
2040	616972	2079	
1424	564159	1926	
1417	635099	4614	
2363	1899253	2235	
2052	676369	1926	
2778	631446	1407	
1262	574668	3142	
1656	1844887	2070	
1920	674351	1920	
1440	737949	1973	
1414	744531	5371	
3633	2109374	2086	
1393	2427539	5431	
3790	2134102	1934	
1503	729050	1735	
2372	629682	3715	
1736	1928293	1920	
1448	698915	1903	
2665	685126	2144	
1412	591065	3771	
3674	2059009	2417	
2194	594959	1514	
1257	704957	4640	
2117	2118515	2263	
2128	594774	1843	
1251	610725	1350	
1244	636419	3743	
3087	1843987	2032	
1557	603388	1595	
1472	674194	1529	
1325	657815	4318	
4005	1816290	2243	
2212	563467	1420	
1263	617868	1724	
2334	603411	1876	
1408	738988	4966	
2896	2057624	2425	
3195	598037	1990	
1385	754337	3906	
1703	1877933	2024	
2160	634532	1838	
1317	710668	1308	
1212	709631	4324	
2256	1766919	2055	
2027	599540	1614	
1350	650399	1271	
1217	642112	3464	
1671	2039453	1919	
1935	614856	1649	
1377	613873	1457	
1274	586965	3592	
1711	1723430	2060	
1920	590219	1500	
1334	625369	1452	
1270	643359	1512	
2403	1924562	6131	
2754	1844473	2483	
2651	625063	4753	
1903	1931479	2274	
1925	648691	1508	
1333	545979	1647	
1320	608971	3642	
1690	2046482	2409	
2013	616927	1352	
1172	618937	1794	
1568	700082	4317	
2872	2121572	2650	
1482	594257	1449	
1226	617875	3577	
1734	2016151	2288	
1382	707588	1392	
1928	569308	1774	
1236	587266	3028	
1586	1879939	2394	
1859	616484	1495	
1286	588268	1192	
1201	582612	1433	
1243	535720	3466	
1663	1930264	2129	
2006	607620	1403	
1296	577612	1363	
1276	614583	3503	
1655	1977092	2013	
1956	682449	1934	
2591	648559	1928	
1725	611131	3821	
1718	1913853	2160	
1991	608198	1855	
1965	629376	1965	
1377	608919	4285	
3026	1787178	1842	
1478	589911	1718	
1389	611025	1969	
1295	642083	5031	
1774	1895946	1992	
1392	632574	2256	
2755	586108	2092	
2229	560529	4848	
2049	2034924	1897	
1384	567061	1620	
2608	659266	1594	
2077	604972	3980	
1707	1882459	2042	
1478	633496	1722	
1323	654809	1485	
1218	718418	4086	
1738	1941743	1868	
1451	687154	2143	
1851	786672	2127	
1746	604910	3697	
1731	2141022	1989	
1420	666844	1674	
1325	643982	1312	
3047	2053311	6220	
1862	1878247	6512	
2353	1854454	2034	
1411	683988	1851	
1300	584826	1415	
1262	656924	3745	
1659	2054394	1979	
2053	721713	1357	
1325	652045	1575	
1299	616158	5341	
3642	2106928	2242	
1895	667497	2171	
2841	641777	1865	
2352	820700	5191	
1848	1998713	1909	
1441	629019	1815	
1344	651566	4646	
1846	1872089	2146	
1643	564847	1617	
1307	595581	1342	
1796	606523	1532	
2307	570698	3415	
1660	1789984	1957	
1891	677682	1568	
1338	688594	1735	
2140	620151	4643	
3205	1959497	2288	
2635	622789	2043	
1480	569399	1572	
1324	614927	4636	
4012	2094958	2478	
2160	712333	1989	
1691	726435	4529	
1746	1960404	2315	
6916	660866	1636	
1363	571986	1763	
1332	590890	3907	
1719	1959130	1718	
1391	598124	2186	
2660	785028	1878	
1408	638815	3903	
1697	1825220	2320	
1532	665989	2183	
1620	644833	1615	
1291	629502	4375	
2282	2010350	2340	
2100	626270	1553	
1281	713608	1511	
1320	621180	3528	
3889	2027961	1663	
1383	634837	1969	
1826	653416	1642	
1338	740120	4351	
1883	2181855	2201	
1542	603140	1752	
1360	687369	4273	
1729	2181533	2542	
2180	618029	2386	
2945	709888	2133	
1520	764989	3980	
1721	2205377	2308	
1562	758724	1685	
1297	640299	3940	
1703	2108109	2342	
1450	729341	1617	
1263	654245	3610	
1657	2025850	2071	
1418	665203	1602	
1271	701780	1528	
1196	617703	3896	
1649	1980090	1768	
1415	646756	1637	
1227	666054	1712	
1663	612413	3406	
1671	2060226	2384	
2236	605766	1603	
1235	641087	1896	
1277	678339	4308	
1711	1974648	2242	
1925	620506	1534	
1244	703845	1633	
1255	635097	3952	
1685	1728519	2081	
1876	589172	2204	
2460	747759	1454	
1226	628153	3697	
1700	1944751	2097	
1719	694706	1828	
2679	640070	1466	
1300	696501	4106	
1752	2179462	3213	
3868	705954	2290	
1472	702414	6371	
4506	2137882	2891	
3092	719449	2796	
3391	908030	5962	
4500	1987972	2807	
3658	709440	2906	
3697	676346	2812	
2388	722461	6088	
3673	2140922	2712	
3543	696491	2695	
3496	625666	4535	
1849	2034423	2456	
1489	610780	1506	
1342	605597	1776	
1332	607529	4008	
1691	2094897	2142	
1402	676329	2048	
1325	576198	1200	
1210	637020	3049	
1879	1907648	2186	
2005	655839	1455	
1319	669140	1458	
1294	688451	3915	
1743	2018344	2060	
2016	640040	1366	
1246	609589	1220	
1680	659689	3500	
1712	2052518	2048	
1843	594224	1501	
2357	640025	1480	
1311	705358	3609	
1745	1934173	2420	
1541	644762	2037	
1665	718968	4332	
3628	1791382	2322	
1480	599657	2048	
1525	630217	2028	
1381	663450	2109	
2074	1932990	6600	
1382	1830748	2239	
1476	645537	5015	
1909	1750879	2222	
1644	731855	2026	
1492	582385	1990	
1366	631299	4515	
1800	1972592	2234	
1420	608480	2089	
1392	671469	2067	
1420	656368	4757	
1866	1942230	2137	
1400	659829	2241	
1702	683696	2287	
1682	640062	5035	
2074	2054747	2534	
1602	678112	2488	
1846	710426	5393	
2113	2105568	2626	
1597	645360	2238	
1579	633314	2142	
1586	708735	4575	
2060	1910439	2383	
1596	661666	2185	
1680	703888	30989	
1671	724406	5199	
2225	1795646	2122	
1648	702529	1642	
1521	644923	2127	
1607	660622	4763	
2001	2136879	2205	
1591	645542	2285	
1709	615025	4881	
2147	1842665	2361	
1600	602779	2212	
1634	695495	2260	
1692	632934	4293	
2096	1937682	2431	
1870	669231	2169	
1724	723148	2745	
3931	740938	6407	
4279	2001955	2411	
1898	608752	2291	
1785	769365	1964	
1650	609997	4236	
2029	1860723	2314	
1464	580410	2006	
1555	574690	2108	
1702	675727	4920	
1985	1977816	2294	
1854	579587	2153	
1892	651314	2077	
1645	578552	4798	
2135	2018465	2377	
1545	731353	2473	
1787	722912	2311	
3576	1779919	6833	
1852	1857362	2419	
1829	698558	4405	
1910	1831249	2288	
1666	621929	2060	
1530	599115	1636	
1555	701968	4822	
2041	1950564	2268	
1714	640006	2170	
1587	647733	1849	
1670	589405	4257	
1973	1890744	2285	
1633	651829	2138	
1581	656493	2141	
1606	620638	4769	
2094	1977539	2449	
1663	625595	2069	
1627	637876	1821	
1611	609768	4893	
2075	1774696	2464	
1706	719331	1990	
1578	667112	2316	
1655	610810	5127	
2223	1883430	2404	
1657	644310	1983	
1683	672646	2340	
1664	585187	4967	
2107	1780119	2232	
1759	676746	2208	
2052	666640	1768	
1629	541849	5132	
2283	1800880	2305	
1646	640049	2082	
1618	677357	2220	
1657	678709	5099	
1969	1836703	2451	
1625	577039	2186	
1701	576812	2193	
1668	590417	1573	
1558	606805	4936	
2018	1884979	2415	
1409	672820	2654	
3250	590789	2504	
1893	738280	5943	
4255	2140796	2987	
2840	677029	2473	
1769	716608	5113	
2022	2059053	2615	
1720	654309	2241	
1621	678555	2351	
1941	652376	5631	
4021	1943079	2590	
1761	719088	1786	
1614	733342	5169	
2184	5306191	8058	
3755	1901720	2594	
1630	642348	5263	
2100	1923786	2389	
1664	658239	2304	
1645	660278	2206	
1646	642816	4760	
2135	1899176	1986	
1826	821442	2263	
1633	728634	2295	
1669	640300	4983	
1837	2031231	2432	
1669	605347	1947	
1612	634039	2219	
1662	640598	4255	
2064	1823100	2350	
1792	668363	2178	
1637	614409	1707	
1574	586114	4584	
2282	1997908	2306	
1652	639367	2306	
2232	585065	2108	
1615	616792	5060	
2043	2126798	3349	
3062	653578	2402	
1695	701380	7291	
3628	2086141	2733	
3261	667733	2491	
2056	656593	2335	
1790	619496	5446	
2065	1837989	2163	
1591	715863	2145	
1873	625307	2337	
1712	703147	5035	
1971	1713673	2595	
1551	628304	2260	
1786	629415	2237	
1637	673375	5125	
2131	1931767	2234	
1684	705776	2117	
1514	704018	2109	
1639	655846	5171	
1994	1872217	2317	
1720	645184	2289	
1602	658743	2136	
1689	639290	5072	
1947	2102078	2594	
1695	673245	1926	
1685	649956	2222	
1575	653176	4725	
2097	2465260	2440	
1665	761166	2515	
3340	775268	5065	
6453	1959205	2560	
1599	708195	1987	
1653	700773	4827	
2025	2008034	1960	
1714	649444	2025	
1505	614880	2008	
1760	636756	4295	
1869	1857290	2158	
1673	720212	2057	
1635	702460	2203	
1493	724553	4897	
2028	2208489	1910	
1394	689669	2105	
1555	647939	4515	
1905	2204080	8709	
1800	822792	1947	
1575	703837	2080	
2948	1970494	6004	
1559	1939943	1923	
3051	2012876	6795	
1610	1871199	2195	
3134	1822441	13100	
1642	2019889	2353	
2766	624951	5041	
2047	1818997	2455	
1696	651951	2424	
1612	663545	2189	
1615	597144	4831	
2247	1915605	2012	
1576	760635	2248	
1648	729946	4490	
2040	1809511	2420	
1574	634624	2103	
1861	656201	2029	
1574	604086	2038	
1816	678893	5383	
2156	1825350	2087	
1590	620178	2024	
1595	674211	2298	
1765	667702	5229	
1946	1928619	2497	
1668	582918	2157	
1610	675408	1910	
1603	660708	4946	
2001	1919593	2411	
1619	828120	1911	
1545	679910	4917	
2049	1980561	2413	
1760	687700	2280	
1911	678046	2135	
1602	629611	4756	
2015	1912826	2420	
1621	592468	2338	
1627	697559	2182	
1805	658003	5358	
2131	1873056	2545	
1657	561351	2272	
1447	714370	1632	
1475	709932	5241	
2123	2080092	2502	
2183	657327	2568	
1756	644436	2280	
2266	658417	5168	
2371	2056676	2335	
1556	657522	2061	
1607	679228	5056	
1943	2056633	2003	
2311	785623	2267	
1752	749976	2241	
2185	694915	5039	
1958	1857338	1941	
1524	724011	2218	
1485	852893	5049	
1951	1996381	2427	
1606	675892	1957	
1614	681065	2327	
1703	648577	5145	
2081	2082364	1972	
1646	620896	2175	
1571	736991	1749	
1528	723260	5140	
2036	1852644	2339	
1582	695041	2308	
1642	678824	4948	
1972	2086264	2409	
1799	708819	1882	
1589	707853	2294	
1505	642303	4558	
2014	1908719	1895	
2144	597257	1900	
1987	709195	2222	
1582	667293	5049	
2157	1852537	2300	
1658	732616	2386	
1691	731149	2356	
1692	711191	4973	
1954	1926063	2775	
1536	598722	2436	
1754	645465	1929	
1561	671978	5329	
2076	1979391	2374	
1608	784233	2320	
1689	671924	4737	
1992	2090669	2535	
1737	708775	2303	
1660	808496	2281	
1619	673832	4926	
2011	2056819	2425	
1586	668066	2106	
1575	643121	5037	
2071	1868891	2617	
1723	620782	1920	
1580	640391	2380	
1681	653434	5223	
2158	1857418	2432	
1905	612406	2215	
1670	684028	2371	
1854	687157	4840	
2073	1978280	2326	
1638	723285	2084	
1592	680849	2226	
1630	716900	4920	
2024	1850228	2406	
1571	612937	2247	
1628	695142	2445	
1613	763566	5165	
1988	1936746	2729	
1589	619657	2142	
1556	658998	2105	
1534	774406	4793	
2160	1839173	2345	
3003	600822	2036	
1631	659641	2258	
1538	685961	4373	
1916	1904099	2448	
1614	690103	2126	
1637	772926	5039	
2067	1911117	2487	
1671	702879	2455	
1876	726717	2432	
1748	727829	4374	
2080	1896146	2376	
1640	728723	2222	
1748	711009	2274	
1677	681668	4993	
2080	1975020	2620	
1913	585806	2341	
1760	645891	2540	
1810	718494	5543	
2365	2000173	2764	
1841	614932	2491	
2467	594040	5440	
2236	2128137	2290	
3394	720243	2484	
1743	737987	2288	
1672	658007	5272	
2215	1899585	2531	
1595	608484	2213	
1608	680997	2157	
1663	655051	5184	
2060	1894889	2296	
1661	690439	2241	
1687	614437	1842	
1601	728807	5232	
2048	1913745	2311	
1375	646910	2242	
1503	818309	4255	
1947	1884119	2467	
1781	731240	2326	
1790	731564	1836	
1500	653789	5099	
2068	2045130	2671	
1677	683581	2180	
1494	617724	2223	
2340	659473	5002	
2055	1858825	2276	
1628	670231	2288	
1581	729013	2192	
1628	646718	5242	
1910	1862030	2420	
1767	627431	2187	
1888	657693	2106	
1705	627772	5255	
1984	2014737	1975	
1651	677660	1974	
1579	547250	2037	
1647	622357	5044	
3831	1769025	1946	
2091	607529	1861	
1517	702586	2356	
1630	626633	4874	
2021	1797524	2315	
1664	712389	2257	
1673	639155	2036	
1590	678644	5268	
2100	1892867	2558	
1762	707964	2278	
1684	612666	1923	
1629	664757	5105	
2209	1944829	2400	
1702	690512	2246	
1656	643780	35361	
1551	744215	5008	
1982	2070842	2638	
1534	654695	2178	
1673	695737	4114	
1922	2148999	2480	
1839	662229	2279	
1748	657767	2177	
1727	607696	5182	
2031	2099130	2517	
1863	653239	2374	
1736	627584	2142	
2718	1793270	6691	
1705	1766285	2493	
1597	725922	5583	
2032	1952028	2526	
1725	710333	2278	
1692	955413	4871	
2039	1933427	2336	
1687	678799	2292	
1623	614373	2126	
1575	612731	5360	
2114	1879225	2601	
1771	726113	2100	
1760	605973	2036	
1537	641068	7471	
1883	1738890	6220	
1591	603965	2134	
1622	702501	2194	
1744	588614	4641	
2025	1970222	2594	
2026	681461	2254	
1714	616508	2432	
2023	682890	5530	
4921	1852389	2781	
1858	662009	2485	
3615	736419	2032	
1772	646657	5853	
4297	1984351	2693	
3788	670114	2398	
1750	668977	2591	
3327	687108	4657	
2128	1872702	2618	
1809	668473	2100	
1669	669793	2253	
1705	583544	4940	
2131	1911099	2449	
1692	1079209	2249	
1666	629025	5301	
2238	1922909	2546	
1894	613035	2408	
1752	776928	1979	
1689	705041	4969	
2033	1847386	2291	
1634	683099	2159	
1561	691707	1871	
1627	618186	4145	
2044	1980629	2480	
1726	643146	1778	
1607	609393	2169	
1623	697996	4283	
1931	3356031	2399	
1969	688469	4832	
2354	1867326	2406	
2165	732681	2176	
2278	718176	4864	
2586	1981537	2423	
1975	676197	2413	
2029	588678	2056	
2024	597148	4720	
2529	1923944	2397	
2000	739503	2257	
1952	674533	2202	
1872	759662	5106	
2504	2189931	2472	
2138	745096	2141	
2116	648564	4777	
2704	2011724	2809	
2366	726331	2029	
2173	647478	1967	
2230	691711	4926	
2589	1988883	2342	
