7504362	900850	2743430	6476	52822	1882154	
3449590	954912	2907804	7071	10246	1807406	
3442782	1004868	2677366	5754	6960	1829767	
3732468	974899	2618046	6329	9851	1728875	
3379487	872145	2644815	4005	7632	1572586	
6125905	960090	2652578	3849	7706	1683463	
3168396	928064	2847723	5828	10215	1822877	
3341215	988199	2873962	4225	7870	1926153	
3579998	802286	2320486	3722	6900	2032603	
3592514	899317	2710173	3997	44718	1612054	
6265893	1070560	2597198	6169	6568	1799491	
3800038	1007562	3199878	4566	8107	1698722	
3342905	902431	2724805	4920	7881	2013339	
3422832	908420	2742276	7002	8188	1725033	
3569020	948029	2630605	3963	10454	1824388	
6353202	1006193	2587476	5116	9406	1859184	
3904538	978189	2619314	3987	58521	1659276	
3711528	1019808	2790091	5040	47516	1711721	
3502868	985025	3205359	6687	8647	1902091	
3358523	963127	2757344	4016	12953	1675449	
5915018	927532	2452722	4263	11994	1693190	
3448375	959957	2779991	3949	11411	1726839	
3260071	1027079	2616688	5150	8846	1725262	
3987771	975765	2716819	4280	9579	1934017	
6197292	939393	2784858	4761	8418	1870487	
7086203	938016	2512354	8170	9384	1731653	
3528157	958687	2464331	3911	10597	1880914	
3793732	973514	2902222	4638	7800	1812422	
3591295	847864	2809125	3338	7145	1562010	
3539439	907861	2710328	4393	8022	1571925	
11848318	954259	2564482	7264	6869	1656073	
3549101	1020194	2596868	4446	10108	1722158	
3736643	914023	2505043	4192	8249	2139468	
3653441	1066100	2643503	3960	7482	1707481	
3745501	913516	2836124	3689	8936	1630251	
22002298	1036135	2660679	3751	9968	1928490	
3801951	1197977	2571699	4456	8686	3554567	
6370370	951381	2411713	5531	15249	1691531	
4589056	1112185	2907476	4594	15198	1777994	
3246430	926468	2720679	3995	9811	1713240	
7240239	790763	2438616	6206	8885	1686693	
3606086	928659	2701921	7205	8878	1849589	
3773157	958140	2734565	4122	9155	1788453	
3594981	886330	2951571	4458	12125	1776119	
3445938	1091043	2733884	3608	7229	1633723	
6216808	918339	2282115	5762	13877	1724207	
3291718	859197	2743852	5933	8372	1786222	
3606398	986694	2593368	3394	7702	1625905	
3518328	865489	2691393	4189	23567	1656080	
3622387	952434	2606257	4057	15597	1772328	
6316103	1252901	2636673	3783	8724	1875419	
3896574	989922	2935658	4350	8949	1894284	
3610463	881019	2705663	4317	8145	1964812	
3526456	887174	2529597	3607	6856	1673268	
6981493	921060	2702332	6204	9300	1695409	
6489107	1082831	2717531	4874	8480	1718686	
3523685	1046406	2610411	4397	8199	1653906	
3769343	983109	2839808	4772	9295	1694614	
3337193	944542	2590688	4492	11358	1521523	
3906055	939144	2664106	3974	7224	1540153	
6218357	916556	2584082	5120	8558	1723342	
3448696	904159	2843288	4194	9975	1766474	
3458516	943263	2359117	4494	38738	1747206	
3373792	939721	2478084	4151	7532	1754565	
3175686	939678	2581434	3809	7248	1629065	
5718203	898711	2710798	4977	8259	1778437	
3452680	1008926	2448474	3704	8162	1700125	
3494043	952944	2787762	4286	6820	1620303	
3195756	951949	2523036	6038	17200	1672267	
3692581	900931	2473410	3807	33323	1749206	
6473394	894885	2599110	4162	14350	1646452	
3860236	970324	2474365	7780	9480	1672354	
3477856	915859	2688988	3415	8646	1805241	
3689678	986293	3548557	4050	8883	1803485	
3382435	893351	2710670	3621	8907	1695336	
6543567	977417	2384392	6042	8796	1733884	
3485833	933919	2474145	4365	9443	1931213	
3616887	885726	2594157	4457	9967	1783945	
3459721	1486748	2847063	4683	8384	1625795	
3993350	876172	2567025	3504	8837	1737504	
17140085	901711	2619589	3872	9960	1871350	
3246228	962389	2827529	3583	9258	1653449	
3503325	848565	2787635	4653	8658	1811598	
3572550	975153	2793722	4132	8339	1884462	
6366456	1068239	2451261	3832	7774	1741960	
6437043	891801	2808082	4078	7260	1595910	
3363826	941517	2703901	6593	8465	1621761	
3268761	788822	2661915	7624	8900	1655628	
3703035	948567	2597342	3920	8640	1576671	
3209595	874394	2402045	3429	10577	1698835	
6116877	1029299	2639437	3840	7980	1475004	
3583885	870973	2567889	3828	8200	1463052	
3805101	862406	2309981	5837	10073	1931057	
3699580	1081885	2808267	4748	33837	1740644	
3486876	863061	2690565	3716	9762	1789024	
5874200	965328	2334333	3960	7315	1697711	
3613837	924709	2489639	4552	26915	1640603	
3672801	1023342	2631832	3795	12811	1609703	
3505262	927129	2629311	6420	7868	1657629	
3670889	983251	2717400	3510	11282	1584564	
5612239	926000	2502491	5460	19017	1627261	
3189757	1059500	2440311	4461	7804	1735839	
3388284	785663	2871698	4490	9539	1743918	
3697117	923204	2830388	6300	7497	1781355	
3538541	973511	2643308	3905	7956	1705649	
6459069	891760	2434095	3849	8666	1671334	
3725038	936529	2388547	3856	9320	1706859	
5292338	988379	2442726	3546	8527	1702657	
3596244	992248	2610813	5105	8782	1688954	
3781384	875916	2699471	5031	8957	1915595	
6741003	1006794	2439357	5483	8694	1876287	
3654881	973801	2716702	4102	28131	1755537	
3695150	992646	2690073	3716	9936	1709628	
3676265	966446	2838640	6527	8226	1582016	
6871189	985379	2602964	5785	7672	1693964	
7210107	919283	2418079	3509	8544	1767676	
3438608	898291	2542431	4716	8760	1656009	
3507680	859184	2591506	3582	9442	1757759	
5441566	1140077	2599288	6837	12738	1791452	
3557570	1024486	2571521	4364	7446	1635777	
6501875	854027	2558413	4421	7682	1813224	
3483793	973888	2432704	4021	8954	3389407	
3621803	1009456	2693819	3493	7739	1621214	
3477004	989737	3561831	3803	37186	1821232	
3394750	836318	2367097	3763	8431	2741997	
6205247	946947	2271553	3387	6702	1534539	
3563691	893475	2489958	3484	8198	1707984	
3600377	821343	2400109	4046	7213	1742994	
3383373	858939	2371801	3771	38037	1714571	
3423603	886794	2608373	3957	7278	1893524	
6305725	839540	3171012	4318	10621	1535023	
3380332	912767	2461177	3593	12633	1683565	
3772883	948591	2615710	3583	6898	1669528	
4153231	1112994	2526253	5989	7271	1700159	
3254180	858833	2366963	3552	8280	1629410	
6171320	900588	2694709	4245	7150	2035679	
3687383	900811	2429355	3564	10652	1774964	
3417879	1024272	2662644	3851	7332	1765232	
3834295	1007972	2724236	5491	42740	1743748	
4010666	949814	2371458	3829	9180	1845191	
5767951	879134	2623305	3897	7176	1541217	
3830496	861414	2344117	4164	18749	1676723	
3484423	835241	2757621	6590	24673	1614272	
3385744	1012520	2579120	4588	8333	1659810	
6515143	904210	2453162	3654	8285	1752925	
6664908	883844	2765965	3660	10043	1548497	
3450590	920497	2596000	4440	7786	1593902	
3256128	818610	2732317	6751	7675	1647551	
3535659	828098	2633479	4053	27933	1812119	
3372641	819551	2331952	5811	9066	1524409	
6086467	866716	2670658	6991	19522	1793843	
3420669	859604	2695291	6752	8960	1669897	
3496319	836425	2765134	4188	10782	1643653	
3255886	1008383	2458841	3619	8832	1629463	
3363460	902488	2257899	4695	7300	1831627	
6453684	1034222	2648269	3717	31170	1735476	
4178266	951539	2339699	4455	7497	1561987	
3535896	820004	2371437	3594	9697	1804482	
3187815	794150	2455031	4320	14233	1660702	
3212526	878942	2459724	6172	8688	1517249	
9118155	864689	2879929	4341	9462	1703221	
3316774	963274	2440260	4091	8811	1544764	
3355567	881635	2249167	4087	7440	1835699	
3389848	854628	2249426	3890	9595	1459125	
3085563	941388	2396722	3799	8874	1747907	
6268275	840262	2756445	6927	8726	1861168	
3202368	840794	2428043	4204	9522	1586468	
3457114	819613	2502614	3647	12587	1808497	
3311416	1050946	3380519	4042	10909	1838177	
3387907	795226	2451475	4009	6437	1659158	
5821258	925549	2551074	3700	7421	1456288	
3468760	883268	2537690	5693	8801	1897994	
3052085	1229107	2610101	5960	10825	1915015	
3449824	913166	2513702	3367	7480	1827672	
6195504	802858	2557566	3674	8200	1610760	
5707914	829250	2557944	3932	7782	1694990	
3479284	993468	2752959	6171	10363	1725649	
3578678	950414	2580284	6989	8472	1703932	
3064120	1115868	2726708	6910	9478	1873041	
3725673	999135	2626834	3825	7917	1661171	
5972877	910309	2562801	3617	9280	1545979	
3690357	763686	2532064	4133	13883	1736665	
3404334	782472	2485999	6839	8600	1783928	
3272156	1176221	2584255	4271	17287	1716241	
3699413	885050	2609190	3739	7144	1710524	
5815258	1079059	2607820	4769	8902	1645354	
3354838	885684	2550609	4018	8513	1699200	
3583783	983678	2508682	6342	7868	1820840	
3277505	859033	2394198	3874	8765	1585705	
3560262	871043	2643735	4466	7493	1885633	
6276488	872960	2329269	3379	8074	1564662	
3349138	986403	2474876	3563	8009	1563143	
3348439	903215	2292523	3343	7704	1670576	
3078930	901881	2912232	3487	6897	1858990	
3179162	755724	2630236	3903	8589	1631176	
5433499	817272	2831566	3666	6261	1508899	
3201616	821763	2387570	4749	8184	1607921	
3978148	995605	2542513	3606	7383	1584711	
3265423	855099	2512072	3535	6519	1836240	
3316587	821253	2546942	3725	7148	1525782	
5880423	855525	2534506	3632	5646	1774662	
3160852	854873	2635201	3676	12929	1587083	
3601809	893316	2470399	4264	8455	1752220	
3266355	836769	2402801	3599	7912	1643590	
5867433	830010	2352331	4263	31660	1577053	
6675053	843810	2576631	3401	7134	1601013	
3151278	759413	2440879	4283	8419	1607253	
3382733	909679	2757451	9426	10926	1987141	
3754872	985520	2678162	5040	7729	1655379	
3758683	895382	2362904	3525	8174	1872426	
5780389	1002540	2486324	5872	11658	1904408	
3526892	1031830	2859631	3734	9867	1747212	
4254963	845034	2813535	5044	39952	2051041	
3353060	936584	2405044	3746	13648	2360586	
3347593	943830	2555795	3498	8008	1709176	
5600223	946968	2280421	3770	8476	1670238	
3450107	927968	2468674	4742	7457	1739237	
3242217	994927	2845931	3772	8364	1761080	
3519636	827017	2436849	3611	7849	1678961	
3249289	863106	2448534	4583	10966	1423511	
5909764	857709	2509195	3765	7222	1695565	
3135884	880344	2580759	22511	6708	1400776	
3284609	888408	2427988	4261	7710	1789435	
3556541	930818	2727347	3906	8065	1627384	
3224876	879772	2261836	3686	7524	1716413	
5796256	921591	2575539	4351	6709	1729749	
3479465	779215	2405550	4329	7235	1655869	
3331070	743166	2420263	3665	7716	1651084	
3343753	831520	2308686	3890	28209	1760951	
3725880	892366	2513080	4023	8181	1657267	
5709248	778608	2270384	3809	7573	1529692	
3544785	1167941	2644405	3709	8751	1677402	
3325136	926600	2603211	3723	7801	1670014	
3761952	933803	2717018	4407	13891	1692022	
6177655	945454	2442339	3942	6235	1643324	
5865486	875186	2700237	4203	7905	1579418	
3890373	948402	2638878	3841	7364	1759108	
3247109	829496	2639267	4527	7305	1518224	
3636215	978302	2763353	3727	6994	1744773	
3334250	1128985	2763265	4102	7882	1876071	
5879016	973478	2367788	3795	8733	1679284	
3474118	783311	2472350	3812	7786	1630119	
3440975	897075	2509410	4252	22938	1543470	
3398728	900117	2632215	3964	8029	1527804	
3341483	1011718	2503159	4012	6959	1870649	
6098124	855849	2737798	4097	7404	1714297	
3466994	902776	2753528	3797	10769	1863497	
3432676	1032759	2409534	4245	7322	1562712	
3225132	904024	2574501	3718	8924	2697376	
3357191	915624	2463189	4177	8402	1605766	
6647515	913388	2421384	4504	7483	1585722	
3467554	861053	2511488	4816	8361	1523235	
3480475	880359	2596859	4113	8650	1500734	
3478968	890110	2541841	3566	6720	1617498	
3352998	898127	2421120	4256	8386	1764040	
6012410	948653	2705002	3741	7408	1568549	
3402611	1158965	2429440	3891	7809	1713399	
3334968	922049	2588302	3936	6570	1554204	
3693414	1037897	2382051	3783	7919	1681268	
3626767	976069	2602522	3851	8422	1608219	
6199768	892075	2644098	3746	7507	1725125	
3457622	912613	2395600	4254	7688	1614952	
3222504	863939	2578710	3893	8949	1858727	
3327271	831963	2628647	3893	6946	1601550	
6218501	926383	2471042	4398	7538	1669888	
6513823	913830	2815905	4685	7804	1719150	
3248129	862926	2297126	3467	7268	1665325	
3620126	961485	2577586	3527	7037	1608279	
3406524	1016499	2553082	4441	10586	1826159	
3362766	854231	2676190	4064	8216	1690556	
5903414	995953	2536881	4158	8417	1857339	
3345722	927250	2493409	4283	7406	1658902	
3791761	922783	2627126	4276	8280	1695607	
3466051	845788	2369679	3540	22107	1755944	
3476870	814255	2445106	3985	7204	1709014	
6072143	980997	2708210	3508	12969	1711335	
3392707	935831	2595847	4439	7104	1511094	
3405939	989924	2750739	3700	12836	1596248	
3565056	1019404	2553480	3599	7746	1804312	
3297269	822002	2780042	4191	7505	1669267	
5785883	892491	2423865	3974	10101	1735934	
3733969	833955	2725169	3941	7025	1757629	
3427364	993316	2679370	3817	8946	1740634	
5379112	962216	2791012	3847	14106	1579301	
3494132	816826	2765987	4253	8030	1617345	
6653125	959326	2676508	4199	10024	1927609	
3711688	1011804	2537351	4178	8135	1702590	
3401150	883188	2450879	3518	7980	1728748	
3589150	780450	2514726	3518	9027	1546036	
3673399	851171	2590591	3653	7293	1807536	
6438479	778594	2424550	3666	6971	1684328	
3816483	899077	2362931	4102	7785	1709349	
3362650	899935	2746593	4080	8978	1667747	
3409504	966592	2556825	4240	10248	1770953	
6386993	1002782	2937275	4846	7671	1778530	
7215602	839356	2694577	3892	33477	1695682	
3498659	898161	2415800	4022	7622	1562979	
3333843	873609	2421349	3799	8307	1644984	
3741156	1389779	2904776	4126	8241	1657667	
3427221	919121	2569300	4580	8025	1471234	
9217462	912186	2596431	4361	9035	2025435	
3423891	838691	2912430	3863	9252	1672015	
3177461	973807	2763891	6394	7783	1800591	
3239757	987446	2853330	3626	8287	1686066	
3841459	1020957	2638642	3657	7571	2249768	
6962698	955163	2622900	6810	9989	1770645	
3632699	933582	2701128	4174	7932	1641649	
3407759	851068	2555033	3977	9369	1562045	
3448503	825211	2396100	4548	7983	1605939	
3731535	936412	2599463	3553	8040	1985273	
6693089	856450	2636101	3790	7333	1753217	
3508087	963696	2622718	3955	7163	1611528	
3279565	798535	2493599	3885	7700	1814244	
3376786	843650	2490825	3676	7473	1742460	
3356205	881892	2365371	3603	38676	1621785	
6851863	858072	2418670	4275	27177	1756734	
3413138	935970	3116252	3480	7394	1705570	
3481244	930751	2424435	4571	8048	1697520	
3602421	864563	2485449	3786	10530	1870039	
3562920	984006	2440249	7377	8523	1691206	
6155879	878155	2627379	5062	11685	1901819	
3291677	894411	2756197	3847	8992	1659768	
3563952	946841	2587747	3266	12016	1566369	
3493421	986783	2530012	4482	7786	1889677	
5854601	792505	2564390	4086	8549	1851996	
7539713	820519	2642630	6445	8875	1912897	
3399601	857354	2539359	6914	10602	1758117	
3573834	901925	2714352	4012	7240	1616170	
3106871	815857	2356195	6478	8337	2360235	
3350908	849772	2892723	3284	7147	1563238	
12838106	987431	2635653	3769	9366	1783148	
3378225	992241	2695779	4770	9350	1746188	
3173927	953689	2435345	3727	25117	1748697	
3410548	960164	2377704	3496	8458	1678874	
3413106	1025733	2528739	4623	7562	1534825	
6429681	944324	2380216	3567	10967	1591885	
3506228	1109151	2634597	3469	8792	1644410	
3322562	952917	2591488	3688	8582	1895704	
3609491	921210	2595377	4320	8302	1797048	
3477315	976145	3056605	3541	9656	1558895	
6720612	954824	2358553	4066	9372	1711705	
3394673	871310	2453423	6697	8240	1644171	
3184928	1037728	2619317	5729	14201	1705353	
3334886	817805	2402220	4287	7584	1634411	
3494621	861678	2735521	6811	8200	1582999	
5795769	790324	2269170	4394	9231	1498864	
3287349	895441	2621817	5540	16209	1725701	
3111768	973242	2709265	5814	8689	1461768	
3522200	774890	2538010	6551	8021	1727466	
3533997	997316	2706976	4305	8911	1787588	
6252324	1045050	2426534	4703	7714	1755540	
3581073	892968	2608048	3639	8435	1653572	
3246744	902534	2415181	5672	8911	1621381	
3736320	863284	2506659	4434	9065	1605631	
6192960	811541	2522605	6240	11875	1502010	
5947948	879280	2324046	3499	10630	1535209	
3708234	900579	2507334	4084	9105	1549888	
3201722	886503	2575285	4367	8466	1600529	
3464223	859896	2660153	3820	8086	1700048	
3366918	959201	2851364	3738	8680	2647579	
5950550	890386	2574216	4733	9724	1511173	
3396651	1020977	2630777	4361	10065	1922332	
3293174	947315	2558545	6712	8385	1701807	
3504621	1023354	2830277	3829	10547	1788795	
3507667	987248	2613164	4445	6807	1782549	
6307757	898481	2445604	4204	9579	1729902	
3238051	909157	2649921	7301	7658	1564642	
3233372	973547	2684265	9174	7840	1536313	
3705612	966268	2698384	3663	9251	1728048	
