2794
2080
2734
1754
1912
1640
1949
1933
1883
1688
1845
1752
1761
2231
1743
1720
2952
2041
1601
1882
1688
1778
1760
1732
1865
1849
2229
1911
1769
1770
1749
1700
1829
1812
1876
1940
1972
1994
1937
1857
1878
3288
1915
1871
1878
2017
1815
1876
1795
3063
1862
1811
1815
1798
1772
1618
1917
1806
1753
2115
1945
2244
2048
1677
1852
1603
1811
1650
2739
1625
1744
2451
1737
1768
1617
1918
1654
1869
1953
1826
1787
1791
1814
3020
1698
2928
1636
1603
2730
1959
2082
2296
3728
1808
2004
1705
1786
1901
1735
1745
1779
1845
1740
1812
1844
2027
1669
2800
1893
1601
1970
1635
1672
1714
1795
1877
1800
2049
1732
1731
2679
2014
2319
2900
2677
1762
2059
1948
1782
1737
1821
2014
2986
1905
1837
1841
1837
1953
1901
2514
1901
1864
1821
1730
1704
1904
1777
2562
2204
1720
1998
1884
1796
1708
1828
1727
1853
1757
1752
1946
2411
1828
1818
1975
1932
1896
1948
1826
1903
2665
3184
1733
2034
2054
1782
3848
1892
1831
1875
2102
1705
1798
1743
1740
1880
1807
2783
1906
2204
1916
1818
1936
2546
2337
2918
2186
1762
1795
1802
1913
1835
2061
1911
1684
1829
1834
2197
2122
1705
1834
1817
1768
1679
1976
1828
1744
1831
1880
1711
1811
2165
1849
2005
2630
2073
1836
2267
1860
1946
1743
2963
1973
2015
2316
1712
2170
1798
1776
1842
1890
1829
1715
1758
1709
1757
1849
1892
1969
1893
2049
1778
1953
1856
1784
2078
1898
3615
1812
1756
1863
1849
1909
1808
1843
1878
3194
1720
1713
2005
1974
2048
2101
1872
1975
3972
1848
2837
1719
5136
1934
2799
1945
