1729
1450
1376
1409
1426
1894
2328
1446
1513
1500
1456
1378
1398
1429
1348
1355
1456
1436
1348
1365
1520
1413
1396
1944
1454
1422
1474
1535
1466
1466
1360
1559
1502
1356
1418
1321
1400
1459
1453
1442
1487
1467
1416
1506
1420
1483
1420
1411
1484
1542
1417
1416
1488
1489
6364
1486
1427
1549
1458
1989
1500
1832
1388
1880
1382
1498
1452
1495
1466
1462
1520
1394
1502
1466
1495
2014
1392
1377
2008
1396
1333
1444
1435
1571
1482
1418
2102
1353
1524
1400
1611
4651
1433
1406
1421
1399
1403
1425
1497
1730
1532
1553
1363
1532
1511
1473
1433
1418
1548
1471
1426
1450
1484
1503
1446
2293
1762
1402
1549
1364
1445
1436
1370
1495
2317
1437
1367
2234
1583
1475
2068
1508
1483
1439
1410
1873
1453
1431
1410
2062
1429
1472
1435
1398
1394
1513
1432
1503
1574
1521
1465
2560
1441
2150
1512
1369
1366
1403
1371
1385
1427
1878
1434
1412
1440
1520
1394
1400
1403
1360
1491
1865
1531
1467
1492
1486
1524
1459
1537
1435
1535
1497
1438
1408
1433
1623
1513
1422
1501
1597
1371
1388
1480
1435
1525
1427
1426
1506
1477
1380
1384
1428
1495
1331
1437
1392
1422
1361
1486
1493
1380
1414
1418
1540
1469
1586
1631
1476
1358
1414
1502
1400
1415
1482
1482
1657
1415
1412
1437
1362
1435
1524
1511
1460
1503
1339
1480
1854
1357
1335
1469
1468
2100
1422
1358
2111
1432
1414
1395
1391
1429
1374
1524
1382
1339
1494
1463
1484
1540
1446
1531
1476
1483
1516
1516
1473
1488
1460
1500
1504
1493
1562
1477
1434
2943
2466
1461
1435
1402
1360
2090
1342
1428
1520
1515
1417
1360
1458
1514
1437
1469
1398
1480
1431
1326
1531
1486
1948
1456
1572
1570
1482
1437
1416
1411
1367
1480
1385
1366
1507
1951
1438
1362
1483
1583
1373
1442
1312
1500
1422
1480
1454
1413
1386
1374
1554
1482
1551
1425
1467
1519
1486
1344
1382
1428
1496
1545
1533
1448
1403
1537
1478
1544
1462
1598
1475
1476
1348
1477
1469
1457
1440
1414
1486
1529
1449
1380
1533
1412
1551
1506
1427
1408
1414
1368
1429
1435
1448
1440
1458
1504
1380
1456
1478
1447
1487
2144
1532
1464
1409
1477
1478
1478
1382
1416
1454
1559
1442
1498
1404
1471
1344
1378
1376
1356
1383
1368
1479
1428
1449
1425
1416
1407
1348
1378
1375
1773
2022
1437
1434
1426
1538
1420
1440
1454
1531
1516
1495
1526
1464
1489
1500
1477
1421
1466
1328
1371
1419
1631
1403
1389
1434
1417
1353
1290
1360
1347
1570
1513
1429
1416
1435
1418
1389
1347
1372
1513
1501
1506
1479
1545
1440
1513
1506
1528
1400
1319
1512
1444
1434
1430
1404
1412
1369
1370
1439
1516
1468
1365
1373
1428
1458
1480
1422
1390
1358
1363
1343
1323
1540
1479
2010
1479
1392
1465
1321
1484
1490
1424
1508
1394
1438
1453
1349
1339
1400
1465
1552
1476
1425
1337
1377
1315
1315
1310
1377
1391
1404
1370
1358
1385
1325
1371
1375
1437
1418
1429
1393
1449
1418
1461
1464
1310
1492
1402
1433
1510
1417
1503
1451
1389
1333
1358
1359
1415
1349
1458
1366
1360
1525
1379
1371
1342
1348
1400
1377
1364
1347
1582
1521
1459
1386
1527
1477
1731
1428
1666
1380
1420
1399
1528
1452
1489
1428
1411
1429
1300
1327
1636
1340
1502
1426
1480
1433
1459
1500
1463
1523
1446
1481
1438
1984
1430
1437
1369
1388
1373
2004
1526
1394
1384
1394
1307
1384
1691
1776
1372
1399
1404
1400
1491
1361
1417
1462
1408
1327
1362
1354
1404
1400
1468
1402
1929
1400
1358
1418
1997
1354
1420
1408
2051
1503
1513
1505
1503
1435
1447
1504
1440
1294
1455
1827
1370
1403
1371
1511
1479
1417
1425
1478
1524
1422
1384
1399
1412
1375
2169
1475
1425
1496
1522
1449
1512
1460
1527
1527
1438
1419
1536
1426
1486
1440
1417
2053
1794
1666
1508
1485
1395
1420
1444
1491
1526
1478
1389
1403
2317
4612
1412
1568
1587
1440
1551
1544
1464
1459
1366
1398
1457
11979
1416
1504
1536
1421
1420
2209
1368
1436
1403
1459
1527
1340
1377
1424
1305
1424
1367
1578
1410
1486
1474
1443
1395
1433
1517
1521
1493
1508
1493
1360
1458
1441
1331
1509
1444
1463
1464
1422
1515
1470
1468
1464
1446
1388
1418
1433
1390
1429
1444
1455
1649
1458
1521
1445
1542
1459
1400
1392
1533
1497
1634
1506
1509
1420
1375
1518
1483
1417
1426
1543
1450
1552
1552
1498
1421
1468
2617
1541
1501
1447
1483
1549
1474
1438
1465
1455
1495
1420
1431
1771
1332
1428
1434
1443
1423
1480
1473
1474
1510
1410
1457
1543
1406
2211
2028
2171
2192
2070
2178
2035
2306
2142
2015
2060
2033
2129
2232
1510
1502
1482
1545
1497
1446
1683
1454
1464
1453
1434
1376
1572
1514
1416
1465
1483
1444
1459
1536
1455
1533
6063
1484
1468
1431
1527
1476
1510
2011
1504
1500
1480
1533
1554
1709
1520
1461
1505
1476
1953
1445
1472
1421
1511
1454
1560
1460
1513
1480
1449
1501
1476
1465
1465
1998
1447
1451
1415
1400
1472
1416
1506
1502
1454
1467
1491
1384
1511
1499
1364
1491
1484
1487
1421
1536
1465
1494
1493
1556
1493
1492
1481
1507
1404
1432
1537
1366
1975
1443
1538
1517
1485
3479
2654
2500
1976
1458
2044
2073
2017
1540
2161
1466
1502
1394
1500
1487
1445
1398
1495
1524
1475
1419
1520
1451
1557
1519
1448
1462
1473
1501
1506
1463
1461
1450
1393
1372
1410
1369
1360
2154
1384
1875
1434
1887
1573
1423
1436
1531
1409
1392
1348
1361
1438
1476
1438
1374
1429
1369
2006
1429
1466
1369
1448
1388
1368
1496
1895
1546
1443
1477
1421
2143
1369
1343
1380
1373
1375
1372
1331
1376
1449
1432
1442
1518
1440
1514
1491
1421
1384
1469
1597
1502
1459
1514
1505
1394
1447
1399
1323
1378
1448
