6476
7071
5754
6329
4005
3849
5828
4225
3722
3997
6169
4566
4920
7002
3963
5116
3987
5040
6687
4016
4263
3949
5150
4280
4761
8170
3911
4638
3338
4393
7264
4446
4192
3960
3689
3751
4456
5531
4594
3995
6206
7205
4122
4458
3608
5762
5933
3394
4189
4057
3783
4350
4317
3607
6204
4874
4397
4772
4492
3974
5120
4194
4494
4151
3809
4977
3704
4286
6038
3807
4162
7780
3415
4050
3621
6042
4365
4457
4683
3504
3872
3583
4653
4132
3832
4078
6593
7624
3920
3429
3840
3828
5837
4748
3716
3960
4552
3795
6420
3510
5460
4461
4490
6300
3905
3849
3856
3546
5105
5031
5483
4102
3716
6527
5785
3509
4716
3582
6837
4364
4421
4021
3493
3803
3763
3387
3484
4046
3771
3957
4318
3593
3583
5989
3552
4245
3564
3851
5491
3829
3897
4164
6590
4588
3654
3660
4440
6751
4053
5811
6991
6752
4188
3619
4695
3717
4455
3594
4320
6172
4341
4091
4087
3890
3799
6927
4204
3647
4042
4009
3700
5693
5960
3367
3674
3932
6171
6989
6910
3825
3617
4133
6839
4271
3739
4769
4018
6342
3874
4466
3379
3563
3343
3487
3903
3666
4749
3606
3535
3725
3632
3676
4264
3599
4263
3401
4283
9426
5040
3525
5872
3734
5044
3746
3498
3770
4742
3772
3611
4583
3765
22511
4261
3906
3686
4351
4329
3665
3890
4023
3809
3709
3723
4407
3942
4203
3841
4527
3727
4102
3795
3812
4252
3964
4012
4097
3797
4245
3718
4177
4504
4816
4113
3566
4256
3741
3891
3936
3783
3851
3746
4254
3893
3893
4398
4685
3467
3527
4441
4064
4158
4283
4276
3540
3985
3508
4439
3700
3599
4191
3974
3941
3817
3847
4253
4199
4178
3518
3518
3653
3666
4102
4080
4240
4846
3892
4022
3799
4126
4580
4361
3863
6394
3626
3657
6810
4174
3977
4548
3553
3790
3955
3885
3676
3603
4275
3480
4571
3786
7377
5062
3847
3266
4482
4086
6445
6914
4012
6478
3284
3769
4770
3727
3496
4623
3567
3469
3688
4320
3541
4066
6697
5729
4287
6811
4394
5540
5814
6551
4305
4703
3639
5672
4434
6240
3499
4084
4367
3820
3738
4733
4361
6712
3829
4445
4204
7301
9174
3663
