4222
3466
3953
3973
4144
3820
3912
3479
3392
3598
3845
3768
4493
5988
3358
3511
3961
6952
6975
5889
4331
6428
4731
4744
4142
5841
3566
4228
6386
4420
4157
4180
3609
3894
4069
3940
3795
5034
4333
4543
3740
3582
3462
4590
3849
5266
6569
4173
3173
3622
4949
3484
9482
3343
6638
4252
3483
6703
5943
3751
3381
4613
4822
4224
5555
3461
6477
3947
3545
3641
4194
3240
4170
4460
9888
4015
6302
4751
3957
3631
4205
4082
3768
3591
4148
4056
4502
6795
3624
6026
4516
3287
5643
3445
6023
4332
3872
3844
4283
3592
4556
4055
3118
4180
9441
4233
4299
6317
4023
5655
3015
4409
3969
5031
3672
3911
3744
5850
5889
6518
4076
4092
3852
3667
6177
4640
3763
5746
4020
4191
4726
4427
7354
3853
3777
3816
6124
3428
4022
4131
3404
3635
7917
4400
3953
3885
4051
5126
3565
3535
3797
3930
3493
3916
6400
3611
3702
3795
6671
3496
7296
4107
5395
5584
7171
5031
4738
3731
3442
3994
6206
3215
6605
6137
7727
4380
6339
3451
3584
4163
4308
4985
6013
3478
6359
4378
4126
3660
3849
4679
4410
4141
3229
5840
3259
4507
4029
3646
3795
3609
3765
3795
3957
3692
4041
4351
7551
3551
3423
3545
3945
3938
4213
6071
3562
3941
4192
3474
3405
3270
3423
4815
4572
3268
3779
3599
4192
4039
3500
3750
4029
3743
4581
3394
4087
3651
3553
3985
3196
4027
4576
3811
3477
3431
4169
3715
3434
3509
4560
3515
4917
6041
5186
4494
3396
5529
6994
7439
3840
4253
4707
4614
4577
7139
4242
4321
4920
4509
6787
6098
6415
3888
4076
6136
3829
5049
3586
3704
3957
3859
5122
3885
6948
5482
3474
4814
5059
3368
6478
3408
4283
5339
4380
4102
3389
3966
3655
3795
3636
3620
3351
3440
3585
3798
4065
3762
3320
4235
3587
3606
4897
3662
4369
3795
3815
3270
4143
3398
6955
