3375
5636
5656
4385
4241
4151
4338
4297
4373
5189
4847
5674
4476
5817
3574
4726
3167
3725
5454
3820
4283
5251
4133
4340
4114
3751
3446
5179
3700
4149
4051
4688
4873
5618
4020
4772
3801
4337
4537
4740
4554
4086
3722
4326
4216
5073
4245
3992
4388
4241
4349
4640
5825
4432
3646
4027
5281
4463
3537
4480
33812
4780
5439
4221
4189
4340
3777
4500
4469
4968
3854
4330
4923
3582
4565
4762
4943
4306
4429
4746
4363
4393
4799
4243
4074
4411
3883
4373
4402
4796
3901
4414
4263
4957
3760
4044
4073
4688
4333
4160
4149
4170
5475
4845
4337
4631
5660
4313
5700
4006
4168
5083
4805
4676
4389
3727
4059
5713
4576
4029
4020
4346
5682
4458
3983
3919
4940
3989
4015
4228
4870
3801
4037
5582
4556
4391
3280
4452
4204
4827
6504
3577
4011
4866
4512
4502
4900
4370
5704
4289
5913
4954
6136
5042
4740
4650
4763
7592
4448
4802
4920
4755
5100
4438
6531
4884
5017
4880
4880
5500
4938
4964
6323
4677
4698
6220
6134
5285
4779
4530
5909
4857
4636
4419
5374
5367
4922
9565
4738
4627
6454
5123
4807
5231
4485
5273
4723
5388
5392
5116
5111
6095
10189
12165
6753
4900
6392
6027
4599
5659
5847
4819
6560
4739
6090
4955
4573
5675
4618
5155
6307
4384
5014
6446
5163
4924
5331
4625
5497
4997
5038
5053
5041
5509
4547
3616
5340
6034
4649
4907
4594
4429
5111
5178
5129
4429
6043
4462
4609
5721
4528
4198
5446
4500
4694
6574
4478
5151
5042
5331
4760
4423
4916
5120
3919
5273
4248
4191
4596
4594
4740
4633
4463
4711
5045
4425
5851
5144
5176
10118
4724
5628
4526
5583
5052
6313
4881
4751
6524
4887
3994
5192
10094
6209
5375
4740
4658
5460
4507
4992
5940
4499
6170
4940
4748
5244
6359
4979
3995
6488
5538
5298
4831
10089
4653
5173
4830
4688
5036
4409
5489
4824
5882
4711
5032
4832
4918
10199
6046
4672
5084
4493
5527
4855
4640
5334
4531
4923
5010
5407
5188
27875
5867
4585
4852
5224
5257
4596
4934
5128
5311
4845
4874
8746
4472
5357
5067
5527
5498
5134
5088
5439
4493
4969
5188
5663
5194
5140
5120
4969
5177
4580
4946
4883
4957
5802
4600
4779
4945
6001
5189
6596
5036
5106
5318
4725
4659
4887
5340
5036
4640
5020
6170
4186
4676
5374
6225
5843
5010
5065
4890
4761
6145
5800
4995
5785
4560
4240
4609
5252
5055
6072
4631
5243
4590
4712
5064
5211
4979
4610
4830
6639
6202
4086
5476
4273
5415
4957
3918
4098
4898
5587
5013
4889
4577
6463
4944
5657
5308
4935
9218
4957
5203
4386
4683
6353
4753
4564
4533
4406
5908
4588
4821
6369
4843
7073
4853
6571
5843
4272
4929
4851
4624
5554
6697
5374
4465
6401
5073
4701
5320
4302
5913
3385
4005
3828
3858
