14884
10260
9871
9763
9853
15700
17127
10822
9741
10731
10242
10004
10097
10312
9247
9674
10589
10084
10001
10082
10773
9892
9979
15381
10892
10735
10671
16996
10255
10260
9842
10992
10061
9717
10051
9434
9879
10369
10500
9865
10948
10695
10137
10648
9800
10831
9773
9755
10439
10635
9941
9601
10737
10375
10602
10628
10212
10800
9995
29314
12131
10809
10006
15546
11029
13397
10466
10338
10448
10680
10865
10119
10677
9903
10346
20561
10060
9967
9820
12021
9828
12646
10030
11432
10706
9945
15914
9817
11579
10077
10285
10850
9960
9861
9727
9642
9689
10310
10700
10735
11032
10668
10372
11340
10619
11181
10525
10620
11486
10095
10027
9872
10789
10360
10521
11835
13271
10065
9647
9780
10140
14895
10140
11533
14123
10578
9722
11446
11061
10866
16114
10922
11031
11217
9776
10401
11303
10904
10434
16064
10411
11729
19699
10286
10525
11320
10633
11806
14769
11391
10483
12111
10393
10713
14813
9939
9633
9530
9582
9563
10276
15112
10225
9958
9962
10977
9986
10009
10427
10127
10931
12271
11030
10430
11372
10451
10494
10810
10883
9692
10284
10547
9804
9153
9456
10927
10459
10138
9775
9730
10011
9783
9618
9644
10758
10188
10029
10987
9969
9556
9600
11080
10303
9834
10158
9974
9680
9630
10357
10706
9978
11107
10664
10862
10197
10716
9998
10023
9820
9744
10391
10413
10205
11212
10797
10289
9988
10272
10098
9934
10878
11320
11240
10700
10515
9828
10666
10572
9596
9688
10837
10080
15289
10268
9620
10484
10326
10326
10328
9871
10298
10010
10833
10040
10157
10516
10275
10621
11454
10551
11011
10724
11076
10399
10846
10698
10820
10209
11197
10969
10877
11087
10869
10199
13577
10546
26856
10369
10608
9870
11360
9872
9596
11683
40716
10229
10026
10288
11545
10417
11066
10303
10218
12109
9984
11306
10789
15911
11662
11178
10728
17144
10351
9991
9825
9698
11223
11215
10074
11178
15677
10592
9543
11102
10337
9847
10240
9280
10684
10195
10704
10863
10353
10729
10034
11062
10240
10850
11303
10576
11018
10403
9949
9872
11754
10698
11045
10676
11435
9993
11104
10348
10675
10114
10777
10620
10774
10226
11391
11196
9816
10196
11152
11000
11169
11391
10831
10856
10136
10640
10597
10511
10658
10494
9986
10048
41824
10760
9900
11368
11204
10129
10667
10076
10121
9889
11458
9718
11208
10080
10902
10235
10812
10122
10244
10497
10886
10859
10691
10001
11247
9901
9756
9760
10337
9953
9875
10925
9912
10654
9799
10049
9784
11225
9623
9744
14303
10600
10015
10281
10327
10898
9949
9719
10947
11147
11049
14758
17974
10451
11224
31270
10623
10073
10529
10360
9987
10638
11375
11183
10687
10051
10469
9622
9616
9569
9510
16351
10714
9982
10422
9791
9590
10025
9791
9708
10883
11625
10778
10581
10384
10791
10748
10253
15645
9808
10118
11089
10111
11027
9952
9703
20612
9629
9709
10873
11389
9842
9633
9845
10394
10692
10311
10390
9747
11760
9735
10965
9506
10932
10909
15227
11112
10231
11056
9932
10818
10726
9842
10756
10090
10167
10063
9391
9431
9682
10666
10800
10753
9775
10734
9732
8993
9122
9663
9978
9296
9522
9683
9970
9371
9224
9440
9723
9570
9692
9478
10127
9536
13064
10813
9984
9614
10740
9705
10542
10766
9984
10598
15535
10208
9465
9583
9209
9316
9841
9802
9613
9331
10626
9518
9472
31320
10944
10193
9594
9922
9608
11594
11111
11469
10117
11162
11082
9823
10277
12482
9888
10023
9583
11048
11083
10628
10254
9692
20560
9436
9849
9566
9888
12069
10743
9996
9797
10665
16309
10604
19634
10202
10082
11660
11074
10236
9351
10246
9701
10054
15228
10282
9948
9667
9477
9114
11755
9167
12084
9414
9589
11310
9644
17008
9475
9697
10222
9936
10289
12895
9463
9653
10438
10795
11366
12288
10238
10338
9616
11730
9574
9345
9497
14856
10562
10900
10469
10265
9923
10409
10438
11155
10208
10816
14467
9813
10379
10160
11018
10024
10080
9569
10768
11128
10022
10255
9697
9582
9648
10606
10964
10418
11196
11771
10264
10345
9859
10069
10503
12982
10373
11163
10220
11731
11115
10838
15652
13203
13431
11810
10875
10412
10515
10366
10583
11036
9853
9951
10963
12405
12013
10366
11321
11995
11520
13782
11669
10807
10384
10228
10281
10333
11184
10260
10638
10672
10028
11813
17623
10299
10145
11310
15358
10395
9299
9787
15956
9531
10655
10008
16525
11016
10893
10723
10143
10124
10794
10542
19384
10845
11339
10926
10071
10304
15671
9964
11189
11363
11011
10305
10425
11071
10979
10898
10678
10809
11416
10748
10923
10443
10641
10583
10984
15034
10436
11057
11575
10562
10669
10091
10092
11225
12000
10685
11162
10700
10522
9878
10807
10840
10078
13834
17931
11115
11253
11757
10090
10492
10594
11805
10684
10778
10828
10790
10840
15348
10189
11121
10924
10825
10060
10669
10600
10266
10580
10887
19227
11308
11085
10876
10286
11153
10098
11168
10694
10732
18537
16522
17405
14677
16055
20627
17008
16296
15395
16149
15391
17246
17513
16651
12376
10919
11481
12009
10766
10348
11587
10648
11148
10364
10904
10154
10800
11100
10203
9969
10530
10873
10794
52156
10730
11423
10767
10928
10877
9985
10860
11042
10462
11057
10424
12328
11138
11252
10931
10702
11445
10023
10244
10644
15107
10624
11371
10305
10708
10581
11049
10546
11077
14655
10714
13860
11282
10778
11183
19120
10875
14460
10414
9970
15359
10450
11567
10511
10823
10776
11017
10257
15371
10939
10536
10926
10714
10696
10193
10441
10770
10677
10866
10774
10254
11105
10729
11081
10199
10987
11241
10190
16858
11362
10927
10725
10938
17349
15700
17388
16311
12828
15864
16474
26095
12685
15963
11010
10714
9967
10620
10343
14545
9934
10270
10992
11034
10468
10867
9897
10911
10876
10422
9785
10966
10895
10144
11010
10887
9911
9988
10155
10728
9642
9899
10909
9643
10006
11478
11189
11391
10502
10238
11749
17574
9941
9687
9616
10323
10823
10600
9850
9834
10178
18403
10580
10425
10361
10266
10069
10055
10964
11563
11411
11006
10444
10268
12609
10049
9920
10529
9979
9952
9728
9579
9688
10170
10152
11939
10887
10273
11551
10984
10700
42400
10604
11698
13500
10404
14497
10738
10013
10203
37060
9767
10014
10894
