82507
85335
67204
70601
68766
66292
76769
77505
69380
67531
69225
64985
68935
73419
67804
72534
70009
81694
65652
72558
66950
69534
69212
66868
66775
75879
67740
70186
78691
67618
67334
109258
69506
78701
70594
89578
72548
79657
80840
74852
68678
89329
85552
69916
68204
73861
73125
75001
76405
68023
84889
69160
72006
98748
70112
72031
74364
70478
73380
71859
69511
87060
70229
69962
70114
73846
70684
68903
70698
101786
69566
69209
67912
72789
66788
65224
77323
99898
68732
84892
88111
66160
67224
66769
78326
65222
66685
127678
130283
114923
82737
104084
113366
67476
102345
70697
68070
65399
76788
66094
73777
68249
86280
81503
71774
162921
67877
66837
79176
77660
80224
68151
79126
80266
78680
128865
68255
82482
70020
69172
141922
77724
96114
83450
81003
70556
73251
110297
72118
70882
67369
70886
100380
120001
69378
70179
78220
68598
74037
67115
156403
76309
70188
71581
69469
158989
72940
86372
74976
66467
93529
69964
69278
67415
68223
65287
72649
67051
67471
67921
72009
69285
67614
110433
90730
71061
70809
106226
78002
73025
70125
68340
72498
73014
70044
83842
73622
70123
85911
181274
66531
70646
67851
67220
76201
71412
75423
78212
74300
72220
71094
119111
68963
79241
95600
69261
74246
70145
67289
150771
69994
68900
68707
70405
72603
69586
70651
67380
68800
71212
84296
83207
67879
71862
96931
67671
71250
127980
71816
81794
169860
72310
93075
69468
80619
68968
121354
75692
102205
67613
73518
75605
70777
155970
70585
158533
69525
69845
70390
116280
119040
69848
73695
97875
68598
69467
78429
67150
76883
70737
68738
145961
76734
69115
71561
119726
77100
79923
69580
89057
73730
108469
70754
68819
74983
68383
68724
70471
69792
75571
85156
70225
115847
94163
89559
233268
69774
67929
83239
148113
116906
70198
