900850
954912
1004868
974899
872145
960090
928064
988199
802286
899317
1070560
1007562
902431
908420
948029
1006193
978189
1019808
985025
963127
927532
959957
1027079
975765
939393
938016
958687
973514
847864
907861
954259
1020194
914023
1066100
913516
1036135
1197977
951381
1112185
926468
790763
928659
958140
886330
1091043
918339
859197
986694
865489
952434
1252901
989922
881019
887174
921060
1082831
1046406
983109
944542
939144
916556
904159
943263
939721
939678
898711
1008926
952944
951949
900931
894885
970324
915859
986293
893351
977417
933919
885726
1486748
876172
901711
962389
848565
975153
1068239
891801
941517
788822
948567
874394
1029299
870973
862406
1081885
863061
965328
924709
1023342
927129
983251
926000
1059500
785663
923204
973511
891760
936529
988379
992248
875916
1006794
973801
992646
966446
985379
919283
898291
859184
1140077
1024486
854027
973888
1009456
989737
836318
946947
893475
821343
858939
886794
839540
912767
948591
1112994
858833
900588
900811
1024272
1007972
949814
879134
861414
835241
1012520
904210
883844
920497
818610
828098
819551
866716
859604
836425
1008383
902488
1034222
951539
820004
794150
878942
864689
963274
881635
854628
941388
840262
840794
819613
1050946
795226
925549
883268
1229107
913166
802858
829250
993468
950414
1115868
999135
910309
763686
782472
1176221
885050
1079059
885684
983678
859033
871043
872960
986403
903215
901881
755724
817272
821763
995605
855099
821253
855525
854873
893316
836769
830010
843810
759413
909679
985520
895382
1002540
1031830
845034
936584
943830
946968
927968
994927
827017
863106
857709
880344
888408
930818
879772
921591
779215
743166
831520
892366
778608
1167941
926600
933803
945454
875186
948402
829496
978302
1128985
973478
783311
897075
900117
1011718
855849
902776
1032759
904024
915624
913388
861053
880359
890110
898127
948653
1158965
922049
1037897
976069
892075
912613
863939
831963
926383
913830
862926
961485
1016499
854231
995953
927250
922783
845788
814255
980997
935831
989924
1019404
822002
892491
833955
993316
962216
816826
959326
1011804
883188
780450
851171
778594
899077
899935
966592
1002782
839356
898161
873609
1389779
919121
912186
838691
973807
987446
1020957
955163
933582
851068
825211
936412
856450
963696
798535
843650
881892
858072
935970
930751
864563
984006
878155
894411
946841
986783
792505
820519
857354
901925
815857
849772
987431
992241
953689
960164
1025733
944324
1109151
952917
921210
976145
954824
871310
1037728
817805
861678
790324
895441
973242
774890
997316
1045050
892968
902534
863284
811541
879280
900579
886503
859896
959201
890386
1020977
947315
1023354
987248
898481
909157
973547
966268
