856330
1012182
1004841
1072514
872114
903505
841543
897648
883242
922166
867596
1012637
926278
994346
794832
931545
881224
928522
929832
934002
961765
887413
844830
937413
824726
968505
890615
906085
1025905
879970
873478
945201
859848
921640
968159
743835
885544
817056
797620
842528
855051
864441
1052280
1045562
915061
864811
818051
867499
940685
891775
940335
820410
892010
848891
913074
867516
901933
833913
1000115
993126
881033
988490
814692
834257
911732
983802
916172
905721
989928
907990
871571
939665
846833
879516
893144
907597
929590
950649
911473
1007296
871354
966594
1022699
887131
839834
964158
807166
854349
975089
898368
1064859
804201
860661
897147
911846
850471
785794
1063571
870469
972268
1005839
1046610
912289
902856
911134
976356
1105008
785752
1047933
914409
903723
888556
4462701
930494
942725
873342
1230644
832676
987155
871688
870040
878661
1074865
873178
889640
878288
902753
876497
909108
1031258
1140306
1133069
2827253
840572
1023156
1016192
868941
925033
899822
863460
881137
924792
829529
1007980
1025711
847150
920569
954764
941471
2277376
943507
1388022
920109
878889
839050
1014439
884531
946350
920822
972701
918137
972963
943413
1059991
850355
862252
944422
939042
847853
1003499
886158
1050351
970065
915615
963043
979067
903863
1052138
1000458
917816
934125
999292
998097
933125
907171
938841
1034780
900115
921110
1070604
1035856
978221
910988
872199
977611
928493
983763
1023800
885840
987970
1069586
921634
1108600
1117575
1008869
933503
896168
951563
879878
1034237
1577675
808191
984080
885267
848893
752980
818153
895988
857563
1024689
856203
844359
829303
830667
1101605
939263
1054371
815097
751540
827964
928745
844121
886994
893413
927311
941490
832400
885826
731764
821525
798800
758482
1150294
804477
861453
949687
847785
902670
1006811
990059
832960
944935
1094559
1022197
1013248
976406
1016022
970524
1080699
959469
964063
811036
959723
875599
810166
817077
879072
822560
959421
952840
903023
1129473
968423
1021888
891757
856088
871131
850564
965547
895115
801231
850728
1031359
1029263
990677
886982
881992
967689
837712
940584
1066429
903591
971814
1107741
877208
863744
892385
1000031
1025505
862925
933415
1016316
867481
999048
933006
873329
1127330
912648
1107160
848132
990465
874334
901037
917774
959068
906576
829668
810519
903246
