265701
286129
303019
250973
239822
977079
356139
291983
266438
371193
1085647
260595
263339
292860
330984
1270122
293714
282035
413670
258185
1108339
361323
347120
273886
292341
1228916
267403
306581
303570
308910
1443046
243848
362477
304864
259829
1269069
478353
293448
288823
324346
1195117
328725
296332
325268
324606
1129111
287071
259923
331755
239786
1402796
249023
270486
257631
251029
1204721
258129
317349
302873
266611
967061
316065
253073
260139
220640
1371286
327535
239185
279209
294814
1167028
281327
346292
378402
244981
1139162
227486
301069
205417
251948
1212208
273214
315533
228132
312191
1147806
267403
427229
375189
287836
1248790
269896
331872
287122
287534
1014094
250053
291920
319541
403917
1094759
268424
274127
330503
297573
645045
265858
301449
249306
228117
1109844
394356
229523
286650
403600
1502116
244383
268716
314863
238924
1163404
327008
274081
286996
300378
1069820
283888
259938
319907
272198
1309797
355875
389517
302196
294198
1247501
300797
267340
235595
236031
1443100
259629
281130
223988
296155
1171482
298044
270736
281649
263784
1689371
259446
294416
398870
276719
388923
273830
259533
265898
403190
1165340
342762
274480
302677
347880
1401375
249613
275642
319521
364571
1256536
360554
274821
279474
374939
1229328
414946
328106
308026
242847
1339330
258734
262914
251912
369061
1405996
309892
248350
369768
320033
1163807
446784
322167
337271
261980
1360773
256911
332933
430383
319585
1301222
319807
275292
298956
231970
1321761
214108
297658
327860
366721
1553645
380226
251628
280744
320717
1180328
300340
287540
232081
339635
1108949
263688
378247
270970
273236
1437906
283575
380801
276964
321414
1147347
327128
427128
311751
251016
1265039
287195
411106
371454
280610
1117989
255715
289807
271801
280050
1232689
246747
275015
290709
257887
1237409
254522
274998
283004
340276
1186606
243523
338360
268573
267417
1250891
311183
332383
266422
295047
1253217
238159
304623
296262
379629
1507972
283176
250543
287954
331023
1315231
236066
336059
257671
212424
1333130
482807
289501
290973
361891
5200911
247044
365008
261615
281958
1383747
367190
331821
271108
313291
899408
274931
324108
264157
314014
1076822
310008
278271
324952
286507
1381404
246302
344624
245427
310504
1343939
326015
282405
292258
239092
1315206
287015
297163
289130
235293
1443336
257833
290730
345027
306677
1399008
263904
347719
286489
286447
1583080
243800
435632
260160
352500
1176220
364666
367651
345301
358156
1254513
252405
283706
376872
240076
1610498
296187
252019
283468
376664
4115641
263099
320973
292845
272435
1359107
373231
295448
305698
371062
1187311
430263
300536
321405
262057
1015228
272039
294766
234070
253616
1648542
265782
257001
275320
237725
1168331
271668
314337
346133
444024
1279822
381709
360045
325292
379672
1315114
360351
315963
258478
245120
1558363
294376
359588
322594
288914
1157747
370610
331049
282192
348905
1235142
272934
323957
345199
247526
1395959
367952
244254
271014
305839
1250106
383687
276138
289743
275164
1109410
290202
361527
320649
290228
1130839
247389
225440
279819
255585
321881
355043
325092
317374
288209
1186913
262809
255170
283985
269097
1513680
292544
266496
287274
299787
1113589
357776
331747
315310
366329
1288640
400579
291457
254741
286738
1630316
276001
238866
272559
345407
1318673
303088
259498
352843
349837
1482387
295023
336415
283158
401668
1479370
232304
326197
355009
323994
1213984
236433
336257
346263
257721
1231066
335823
