170569
166194
342459
156880
164414
154961
234232
167882
176320
154719
154757
155829
301560
166503
148992
241574
235118
216051
153049
172879
155792
154508
155069
160493
152477
155218
164554
154060
159017
154508
150925
166060
156037
232059
155098
164591
211523
160146
201504
160317
165088
199151
264391
189462
159583
165616
157770
239468
162330
217926
174987
191335
157034
163800
166984
153541
163360
153949
161286
161192
185935
216303
170984
152768
155966
160905
160173
158479
201587
166889
152131
212445
150308
166119
148995
150707
155951
185114
159266
154781
160669
181589
149269
164480
161131
159958
148240
210412
240993
179038
222638
188740
237463
152475
196846
153248
158075
170356
153289
153478
238630
152348
156929
177732
156539
258652
153611
241037
246358
156048
191269
187932
155357
163731
158821
166312
153201
174370
157367
152417
330897
228026
188805
170619
276069
163632
172200
163733
165760
153784
162722
162612
214738
178193
160126
155552
168532
176448
156625
182083
192298
157777
156219
168695
154641
234934
185328
235000
209366
151045
168388
181460
153900
256416
150396
151377
174547
152849
151237
164833
199684
151734
152033
165735
167040
161704
176689
163182
182191
238671
202165
151658
164192
158114
156050
353226
160302
155251
159941
263171
171969
154511
158671
150478
207981
164714
200193
159216
191179
189130
170502
187762
233435
176495
304762
364495
156519
166697
206935
170051
191572
157567
161610
229952
156274
155074
191210
175193
153858
179320
160446
158839
155390
158337
183566
156197
206268
164687
188814
188991
208991
163230
170219
204134
173470
163170
243136
164704
192268
151412
235732
172794
176943
283948
157980
198565
154741
155799
179609
184498
171546
192573
156307
159288
156485
153193
175851
217481
278830
171467
157344
183858
169857
190856
193746
174894
219455
159005
159769
159909
170120
180234
157342
155206
156447
174029
157754
154924
158997
168421
264773
161488
175846
173178
198763
178372
208231
152587
269337
198814
210807
306912
