9834
8382
7222
7113
7700
10532
12540
8231
12183
7653
7514
6818
6840
13730
6303
6518
7620
7711
7097
7575
7767
7230
7068
10754
8233
7724
8714
8672
7663
7474
6862
8604
7701
6938
7037
7088
6751
7276
7301
6754
7661
7466
7317
7350
7752
7745
6943
11674
7920
8372
7523
7023
7680
7846
7571
8159
15822
8572
7550
9451
10076
7570
7335
10595
7308
8091
7476
7608
7973
8386
8429
6837
7779
7873
7916
11579
7015
6761
13652
7693
6595
7141
7360
7601
7869
7247
11335
7578
8031
7466
13899
7637
6970
7501
6894
7246
6710
7771
7803
32518
7448
7588
7462
7697
7243
8460
7446
7676
8040
7494
7297
7132
7724
7864
7034
10489
9570
8040
15338
7211
8235
8895
8015
8991
13071
7389
8030
10029
8408
8045
10985
8325
8809
7752
7590
7284
7855
7838
7722
11520
7840
8022
9039
7749
7554
8500
7558
8147
8871
8404
7871
12282
8420
10348
8757
7218
7356
6448
6905
7628
7541
10662
7929
7073
7204
8251
7848
7733
6991
7750
8381
10352
8288
7077
8420
7085
7967
7831
8540
6564
7622
7843
7380
6864
6141
7683
7077
6822
6791
11773
7160
6754
6690
7286
7212
7363
6958
8126
7159
6763
6589
8063
6894
7410
6922
7058
6866
7018
7269
7486
7245
7389
7694
17540
7238
7500
14040
7444
7711
7222
7554
7598
7749
8215
7900
14396
7565
7937
6894
7509
8253
8027
7362
7668
8745
7374
8034
10404
6999
6881
7665
7083
10424
8025
7402
10524
6996
7572
7645
6814
7003
7218
7644
7680
7380
8093
7492
7356
8320
7958
8190
8358
7714
8111
8566
8366
8598
7377
7546
7625
7903
7714
8167
7807
13740
11025
9018
7854
8164
7860
10512
7618
7611
7848
9974
7578
6994
7328
8194
8786
8402
8106
7360
8085
6804
8033
8032
10919
7844
7880
8501
8998
7330
7144
7160
7417
8154
7276
6851
7580
10129
7310
7182
7893
14586
7212
7415
6765
8334
8724
9022
8612
7515
6997
7255
12939
7654
7448
7709
7554
7796
7399
6768
6889
8137
8441
7677
7652
7842
7170
9318
8045
8240
7640
8590
8289
7572
8182
7698
7931
8087
7263
8344
8468
9511
8359
8429
8151
7712
8348
8622
7148
7821
8766
7287
7725
8627
13394
7580
8104
8628
7457
7645
7389
7394
15293
10713
7468
8173
7139
7916
7651
8364
7722
7638
7646
7576
7306
7483
6860
7397
6874
6706
6823
7200
6965
7209
8079
7419
7356
7105
6602
6857
7270
6959
6839
9021
9796
7435
7397
7483
7707
7514
6999
7983
7808
7317
8031
8363
7897
7906
9037
8095
7732
8099
7545
7435
7799
12244
7393
7600
6751
6634
6840
6698
6528
6505
7781
7487
6829
7348
7518
7153
6880
6618
6625
7946
8182
7216
7740
8891
8535
8430
7631
9763
7791
7233
8451
7757
7463
6768
6713
7244
7036
7441
7927
7878
7137
6640
6899
7225
7833
8008
7342
6728
7054
6585
7123
6523
7631
7961
10202
7593
7550
7716
7345
8109
7694
7414
7532
7341
7371
6846
6753
6296
6871
7534
8079
7371
6657
6657
6457
6306
6065
6732
6433
6335
6357
6383
6413
10796
6671
6500
6529
6709
6990
6963
6889
10932
6801
7420
7175
6491
7737
6807
7446
8320
6669
7546
7654
6855
7296
6880
6889
6878
7089
14451
6103
6558
7384
7525
6780
8395
7870
7575
7516
7072
7485
7710
8086
7740
7040
7832
8507
35578
7711
8603
7391
7034
7529
8055
7361
7648
7885
7618
7646
7203
6627
41557
7343
8294
7521
12120
7688
7807
9307
7427
8798
8090
7528
7114
10159
7034
6438
6742
7271
6730
10520
11786
7380
7330
6735
6321
7466
9061
9723
6317
6808
6891
7117
9467
6450
7112
6478
6443
7028
7495
6910
7771
6498
7698
8236
10658
7355
7576
7436
10243
6355
6460
6697
10758
7871
7352
8217
7150
7177
7372
6999
7213
7313
7339
10143
6960
7136
7216
7655
7150
7622
7206
7785
7615
7480
7135
6696
7017
6811
10996
7432
7285
7900
7574
7321
7993
8008
7404
7805
7835
7626
8004
6814
8147
7729
8625
10773
10198
9467
8454
8120
7497
7519
7124
7803
7667
7454
7486
7815
10874
10600
7661
8415
8607
9305
9082
8588
8347
7802
8147
8419
8412
8893
7738
8486
7843
8062
8478
13556
8794
8248
7674
10897
7839
6787
8068
9404
7873
8041
7360
10259
8506
9121
8296
7629
7308
8330
8228
8472
8198
8533
9214
8250
7810
7832
6810
7768
7477
9480
11847
8350
9214
8371
8670
7785
7465
8007
8007
8928
8470
9001
8328
8782
9050
8832
8434
8231
8371
8050
8248
7875
8752
8812
14670
8321
8757
7698
7398
7229
8082
7331
8212
9303
8541
8884
8868
7394
8054
8390
9684
7360
8784
8815
8235
9222
7918
7223
8162
7784
7694
7327
7547
36194
7448
8134
8545
8642
8854
8560
7744
7717
8525
8409
7865
8472
8369
12574
12743
12625
11076
12539
10930
12055
13637
10845
11969
10897
12709
12338
11726
11225
8182
8726
7925
8158
7210
8978
8653
8130
7677
8343
7714
8444
8550
7553
7249
7739
7919
7934
8670
7798
8068
8493
8167
8254
7354
8061
8220
7812
8714
8239
8493
7831
8117
8147
8151
8237
7554
7678
7737
10626
7819
7710
7709
7324
7418
7507
7960
8315
8194
7682
8931
8232
8285
8318
12180
7762
7621
7761
7056
7874
7717
8258
8149
7949
7922
7775
7778
8810
8808
8055
8044
7835
7661
7688
8448
8396
7644
7952
7169
7788
7955
7781
7810
7116
7145
8400
7852
11485
8439
8211
13973
7962
17046
12536
12599
19426
8860
12260
12579
13678
8722
12438
8539
8082
7550
7802
7484
7034
6521
7100
9025
8427
8537
9841
8181
7794
8401
7947
8281
8571
7588
7666
8208
8775
8513
8086
8016
6768
6815
6729
11224
7887
9340
9314
10689
8762
9524
7874
9533
9130
7858
6869
7858
8521
8288
9114
7787
7432
7018
11125
8340
7843
7828
8260
7751
7127
8394
9163
7345
7824
7321
7287
10179
6655
7085
7169
7428
7317
6522
6570
6599
7271
7445
8040
8845
8032
8112
8296
7820
9391
8940
12690
9396
8861
8925
8576
8871
8410
8907
8435
8418
7496
