2743430
2907804
2677366
2618046
2644815
2652578
2847723
2873962
2320486
2710173
2597198
3199878
2724805
2742276
2630605
2587476
2619314
2790091
3205359
2757344
2452722
2779991
2616688
2716819
2784858
2512354
2464331
2902222
2809125
2710328
2564482
2596868
2505043
2643503
2836124
2660679
2571699
2411713
2907476
2720679
2438616
2701921
2734565
2951571
2733884
2282115
2743852
2593368
2691393
2606257
2636673
2935658
2705663
2529597
2702332
2717531
2610411
2839808
2590688
2664106
2584082
2843288
2359117
2478084
2581434
2710798
2448474
2787762
2523036
2473410
2599110
2474365
2688988
3548557
2710670
2384392
2474145
2594157
2847063
2567025
2619589
2827529
2787635
2793722
2451261
2808082
2703901
2661915
2597342
2402045
2639437
2567889
2309981
2808267
2690565
2334333
2489639
2631832
2629311
2717400
2502491
2440311
2871698
2830388
2643308
2434095
2388547
2442726
2610813
2699471
2439357
2716702
2690073
2838640
2602964
2418079
2542431
2591506
2599288
2571521
2558413
2432704
2693819
3561831
2367097
2271553
2489958
2400109
2371801
2608373
3171012
2461177
2615710
2526253
2366963
2694709
2429355
2662644
2724236
2371458
2623305
2344117
2757621
2579120
2453162
2765965
2596000
2732317
2633479
2331952
2670658
2695291
2765134
2458841
2257899
2648269
2339699
2371437
2455031
2459724
2879929
2440260
2249167
2249426
2396722
2756445
2428043
2502614
3380519
2451475
2551074
2537690
2610101
2513702
2557566
2557944
2752959
2580284
2726708
2626834
2562801
2532064
2485999
2584255
2609190
2607820
2550609
2508682
2394198
2643735
2329269
2474876
2292523
2912232
2630236
2831566
2387570
2542513
2512072
2546942
2534506
2635201
2470399
2402801
2352331
2576631
2440879
2757451
2678162
2362904
2486324
2859631
2813535
2405044
2555795
2280421
2468674
2845931
2436849
2448534
2509195
2580759
2427988
2727347
2261836
2575539
2405550
2420263
2308686
2513080
2270384
2644405
2603211
2717018
2442339
2700237
2638878
2639267
2763353
2763265
2367788
2472350
2509410
2632215
2503159
2737798
2753528
2409534
2574501
2463189
2421384
2511488
2596859
2541841
2421120
2705002
2429440
2588302
2382051
2602522
2644098
2395600
2578710
2628647
2471042
2815905
2297126
2577586
2553082
2676190
2536881
2493409
2627126
2369679
2445106
2708210
2595847
2750739
2553480
2780042
2423865
2725169
2679370
2791012
2765987
2676508
2537351
2450879
2514726
2590591
2424550
2362931
2746593
2556825
2937275
2694577
2415800
2421349
2904776
2569300
2596431
2912430
2763891
2853330
2638642
2622900
2701128
2555033
2396100
2599463
2636101
2622718
2493599
2490825
2365371
2418670
3116252
2424435
2485449
2440249
2627379
2756197
2587747
2530012
2564390
2642630
2539359
2714352
2356195
2892723
2635653
2695779
2435345
2377704
2528739
2380216
2634597
2591488
2595377
3056605
2358553
2453423
2619317
2402220
2735521
2269170
2621817
2709265
2538010
2706976
2426534
2608048
2415181
2506659
2522605
2324046
2507334
2575285
2660153
2851364
2574216
2630777
2558545
2830277
2613164
2445604
2649921
2684265
2698384
