2428386
2727704
2684479
2562890
2778890
2528098
2338975
2761618
2527397
2551017
2432885
2478933
2485996
2578583
2516002
2698886
2425538
2763909
2626879
2492767
2735229
2603491
2636546
2746148
2323301
2645514
2587844
2544067
2499425
2598872
2400298
2638745
3072828
2497599
2543150
2479220
2473489
2477531
2528202
2550125
2964445
2716526
2931755
2593212
2299077
4363488
2502454
2480018
2351431
2550014
2554945
2443216
4771435
2366252
2606782
2312505
2459384
2525764
2913354
2598411
2461465
2533641
2528920
2613093
2703468
2845938
2901046
2432224
2389578
2479103
2384929
2685947
2509265
2597148
2775731
2643130
2648155
2118404
2298027
2711791
2693485
2853623
2502503
2564696
2650393
2544121
2653231
2946396
2742248
2522127
2645972
2579124
2531670
2313165
2534900
2609227
2484049
2411784
2585680
5188018
2784250
2670959
2661782
2499685
2624585
2657280
2697852
2736575
2353512
2685463
2700423
2696986
2909270
2718952
2616782
2383365
2612428
2670254
2759983
2505760
2791312
2642035
2636042
2503947
2767626
2784490
2640896
2561076
2353075
3021761
2767856
2758585
2600433
2377769
2762719
2719639
2619971
2737584
2628384
2642733
2364700
2408715
2572015
2440872
4989974
2557900
2692720
2492885
2720753
2861727
2643711
2690308
2680991
2656738
2561496
2495459
2481059
2341451
2557962
2861443
2639193
2792322
3273243
2589166
2571377
3149713
2540117
2428598
2651613
2669064
2679464
2591020
2508197
2374757
2770502
2639591
2638109
2741520
2677896
2442908
2559364
2739778
2606238
2940180
2665448
3237507
2677354
2527493
2366911
5252899
2706390
2592427
2502489
2447133
2714080
2423549
2408559
2260211
2647724
2741103
2736728
2513179
2744430
2504133
2665491
2896036
2721999
2565593
2767981
2330229
2540624
2263502
2592739
2949638
2502519
2428935
2422899
2559871
2576481
2527514
2471701
2524459
2313350
2425245
2786617
2297708
2649622
2497681
2341141
2288270
2837004
2631542
2368459
2576884
2272481
2375338
2342505
2422410
2394079
2544532
2292259
2185962
2329832
2383401
2458467
2659959
2845759
2506996
2566845
2666694
2446272
2386371
2502996
2520841
2654167
2667277
2528981
2687017
2797176
2764544
2956986
2634182
2460145
2500706
2267858
2596871
2428625
2626646
2494746
2608663
2469940
2717607
2482168
2504526
2239761
2580626
2424242
2500952
2623388
2479554
2383696
2418440
2629731
2714617
2676436
2554496
2488022
2609213
2576775
2625550
2673975
2338452
2650427
3109313
2601147
2586342
2402959
2435139
2568613
2500506
2581607
2494302
2670478
2397558
2643404
2454591
2767003
2436766
2273210
2576955
2792919
2555008
2648069
2437601
2452902
2535231
2551553
2562997
2462224
