616488
793058
673638
623197
566159
965921
857491
798475
876485
769221
708758
635354
595796
776249
498994
725397
732423
888608
756059
713844
960320
731436
768948
680543
800143
680549
555562
570272
681442
691728
720328
716819
853660
720045
584085
768061
855341
741391
733024
666010
739748
966545
647714
859887
687002
832845
751854
553788
941427
567432
802313
681040
600818
698224
612000
835383
751097
654506
645812
730970
664255
608687
620057
564724
587276
703476
754557
614009
789349
808000
661801
775508
707678
788569
751028
671656
698924
767822
598555
659812
622723
710953
629579
745265
748102
843766
648677
764542
633304
743155
760446
675603
754193
755257
797190
724997
676982
674071
684711
654975
821134
798538
656271
708112
715591
824968
637495
735723
709116
680678
630730
720466
752764
770211
641412
749579
705036
653399
715247
528676
671290
606611
735223
632683
885057
741280
820157
741101
713221
719320
738115
860106
710529
723012
687265
746344
632058
688161
568019
633323
644796
547000
634070
497911
628761
779986
602026
615198
724025
596492
718222
764003
661140
668699
637898
781252
635634
691326
736019
682121
881830
762965
621782
723044
838106
715153
604071
662707
714693
677889
710796
915790
682346
623464
640663
870916
703425
1718454
847001
711837
719546
657714
666608
706860
840162
994996
709161
633323
686685
835295
2924794
748321
682582
701025
567926
805946
656153
853667
726785
611835
774850
633307
893241
797825
661390
758428
821130
737042
594324
801219
774976
679360
698433
633348
568957
707834
821849
690213
579986
638050
880497
710242
588782
652555
609972
738359
717394
715270
741350
683650
701165
952160
801135
624340
653537
2550598
954580
877472
623947
740820
708985
605064
687409
621523
591946
618148
776386
536822
614749
707064
640630
565254
746305
522892
675799
708466
583612
680483
639470
680830
659190
607623
678542
590845
643123
749257
556709
583333
762872
630433
645354
655138
682563
721389
531985
693219
673577
720860
613854
595492
759457
1091620
625743
660075
742332
779218
668438
696833
684634
594215
635159
699580
815319
775958
725913
749096
635252
713431
632785
818775
817483
710093
693209
623760
697955
788648
720327
692888
767312
734371
874817
617893
757850
696082
542613
746285
777462
620922
647714
648570
836804
706510
648099
603944
589772
843479
812911
841446
709031
871629
825196
601604
773428
587911
726145
762607
632429
818321
979236
862745
774457
594338
660837
697998
606700
704975
592397
713908
525806
647036
884352
702537
855411
740372
735764
1224357
849697
730346
771853
777422
750055
681164
752005
683758
735126
720960
698780
715989
689909
646299
646114
611325
547300
602623
565714
737101
750871
658681
771455
858539
829391
725969
721352
795571
722761
686201
685696
706988
560110
772657
1589913
777398
632428
697695
804381
938324
822492
782774
781426
748290
732067
589923
644592
593179
648513
764641
642561
781180
570883
720654
856625
705842
722694
728377
672443
727849
747953
749816
648664
787305
716112
791131
715347
644277
644253
644850
657421
617929
677071
588975
740881
566128
837874
554133
654755
713249
658698
931060
945209
823424
817526
964297
789364
676961
857867
854783
722672
698606
676412
611679
782412
565237
654361
792764
812311
839260
702320
764377
651593
913438
1431466
647428
743117
741992
873961
870417
593324
745370
661475
704508
664282
591778
773535
720002
717323
724593
675291
