3331
5854
1886
3765
1871
1519
1247
4309
2268
1665
1831
4074
1958
1382
1680
3835
2315
1386
1482
3274
2257
1459
1421
3392
1951
1707
1683
3887
2016
1475
1455
3965
1927
1575
1492
3798
2070
1749
1529
3681
1902
1563
1439
3864
2274
1609
1518
3657
2098
1559
1593
1448
6451
2162
4006
2436
1582
1380
3504
2136
1463
1882
1509
3648
1799
1487
1186
3606
1858
1638
1806
1445
3744
2100
1681
1873
1727
3924
2001
1532
1723
3603
1808
2025
2063
3903
2315
1599
1322
1274
3774
2348
1493
1397
3521
1929
1614
1259
3965
2361
1431
1363
3133
1897
1445
1378
3079
2016
1659
1502
3749
1980
2088
1678
4004
2114
1394
1907
3431
1991
1764
1789
3227
2304
1592
1841
4946
2051
1713
1860
4153
2536
2667
1886
3401
2106
1803
1888
4540
1785
1808
1819
3704
2408
1977
1501
3835
2152
1864
1523
3626
1997
1972
1628
3727
2350
2088
1168
3900
2183
1643
1497
1439
3340
1851
1753
1471
3303
2180
2026
1913
4056
2112
1694
2044
4544
1991
1506
3234
1978
1947
1525
3641
2438
1472
1806
4081
2194
1834
1929
4421
2002
1785
4454
1905
1487
1469
4233
1900
1681
1559
4730
2328
1735
1433
3942
1756
1628
3614
2405
2231
1512
3524
2540
1468
3675
1831
1749
1696
4113
2282
1824
1500
4564
1849
1594
1472
3695
2406
1587
1524
3222
2195
1521
2298
4653
2129
1703
1710
3896
2116
1901
1746
3996
2326
1560
3431
2453
1465
1325
5275
2276
1769
1714
3662
2514
1539
1552
3541
2171
1863
1341
3647
2114
1900
1624
3611
2403
1965
4211
2066
1799
1631
3714
2370
1908
2085
3994
1880
1580
1477
3426
1971
1495
1398
3662
1949
1426
1595
3397
2149
1880
1415
6753
5543
3293
2800
2186
3854
2204
1868
1574
3120
2142
2120
1586
3960
3011
2169
5517
2587
2079
1926
4614
2235
1926
1407
3142
2070
1920
1973
5371
2086
5431
1934
1735
3715
1920
1903
2144
3771
2417
1514
4640
2263
1843
1350
3743
2032
1595
1529
4318
2243
1420
1724
1876
4966
2425
1990
3906
2024
1838
1308
4324
2055
1614
1271
3464
1919
1649
1457
3592
2060
1500
1452
1512
6131
2483
4753
2274
1508
1647
3642
2409
1352
1794
4317
2650
1449
3577
2288
1392
1774
3028
2394
1495
1192
1433
3466
2129
1403
1363
3503
2013
1934
1928
3821
2160
1855
1965
4285
1842
1718
1969
5031
1992
2256
2092
4848
1897
1620
1594
3980
2042
1722
1485
4086
1868
2143
2127
3697
1989
1674
1312
6220
6512
2034
1851
1415
3745
1979
1357
1575
5341
2242
2171
1865
5191
1909
1815
4646
2146
1617
1342
1532
3415
1957
1568
1735
4643
2288
2043
1572
4636
2478
1989
4529
2315
1636
1763
3907
1718
2186
1878
3903
2320
2183
1615
4375
2340
1553
1511
3528
1663
1969
1642
4351
2201
1752
4273
2542
2386
2133
3980
2308
1685
3940
2342
1617
3610
2071
1602
1528
3896
1768
1637
1712
3406
2384
1603
1896
4308
2242
1534
1633
3952
2081
2204
1454
3697
2097
1828
1466
4106
3213
2290
6371
2891
2796
5962
2807
2906
2812
6088
2712
2695
4535
2456
1506
1776
4008
2142
2048
1200
3049
2186
1455
1458
3915
2060
1366
1220
3500
2048
1501
1480
3609
2420
2037
4332
2322
2048
2028
2109
6600
2239
5015
2222
2026
1990
4515
2234
2089
2067
4757
2137
2241
2287
5035
2534
2488
5393
2626
2238
2142
4575
2383
2185
30989
5199
2122
1642
2127
4763
2205
2285
4881
2361
2212
2260
4293
2431
2169
2745
6407
2411
2291
1964
4236
2314
2006
2108
4920
2294
2153
2077
4798
2377
2473
2311
6833
2419
4405
2288
2060
1636
4822
2268
2170
1849
4257
2285
2138
2141
4769
2449
2069
1821
4893
2464
1990
2316
5127
2404
1983
2340
4967
2232
2208
1768
5132
2305
2082
2220
5099
2451
2186
2193
1573
4936
2415
2654
2504
5943
2987
2473
5113
2615
2241
2351
5631
2590
1786
5169
8058
2594
5263
2389
2304
2206
4760
1986
2263
2295
4983
2432
1947
2219
4255
2350
2178
1707
4584
2306
2306
2108
5060
3349
2402
7291
2733
2491
2335
5446
2163
2145
2337
5035
2595
2260
2237
5125
2234
2117
2109
5171
2317
2289
2136
5072
2594
1926
2222
4725
2440
2515
5065
2560
1987
4827
1960
2025
2008
4295
2158
2057
2203
4897
1910
2105
4515
8709
1947
2080
6004
1923
6795
2195
13100
2353
5041
2455
2424
2189
4831
2012
2248
4490
2420
2103
2029
2038
5383
2087
2024
2298
5229
2497
2157
1910
4946
2411
1911
4917
2413
2280
2135
4756
2420
2338
2182
5358
2545
2272
1632
5241
2502
2568
2280
5168
2335
2061
5056
2003
2267
2241
5039
1941
2218
5049
2427
1957
2327
5145
1972
2175
1749
5140
2339
2308
4948
2409
1882
2294
4558
1895
1900
2222
5049
2300
2386
2356
4973
2775
2436
1929
5329
2374
2320
4737
2535
2303
2281
4926
2425
2106
5037
2617
1920
2380
5223
2432
2215
2371
4840
2326
2084
2226
4920
2406
2247
2445
5165
2729
2142
2105
4793
2345
2036
2258
4373
2448
2126
5039
2487
2455
2432
4374
2376
2222
2274
4993
2620
2341
2540
5543
2764
2491
5440
2290
2484
2288
5272
2531
2213
2157
5184
2296
2241
1842
5232
2311
2242
4255
2467
2326
1836
5099
2671
2180
2223
5002
2276
2288
2192
5242
2420
2187
2106
5255
1975
1974
2037
5044
1946
1861
2356
4874
2315
2257
2036
5268
2558
2278
1923
5105
2400
2246
35361
5008
2638
2178
4114
2480
2279
2177
5182
2517
2374
2142
6691
2493
5583
2526
2278
4871
2336
2292
2126
5360
2601
2100
2036
7471
6220
2134
2194
4641
2594
2254
2432
5530
2781
2485
2032
5853
2693
2398
2591
4657
2618
2100
2253
4940
2449
2249
5301
2546
2408
1979
4969
2291
2159
1871
4145
2480
1778
2169
4283
2399
4832
2406
2176
4864
2423
2413
2056
4720
2397
2257
2202
5106
2472
2141
4777
2809
2029
1967
4926
2342
