93237
1216
992
972
997
1778
1203
1037
1637
1041
1260
1000
1498
1033
1057
1146
1000
889
1027
986
1522
1091
993
992
1388
1064
969
980
1000
1280
1039
1062
1079
1006
970
1590
980
1207
1305
1176
1110
1247
1035
1054
1021
1080
965
1297
1005
949
1111
1031
980
1011
1043
1180
1154
1087
1004
1025
1063
1065
1066
926
929
1546
1057
989
1185
928
1033
1020
992
1026
1015
1624
1109
1041
1133
995
1181
1109
1020
1004
1003
962
1726
1679
1708
1681
1663
1733
1767
1783
1957
1827
1863
1693
1798
1854
1675
1714
1775
1836
1863
1701
1778
1774
1733
1756
1740
1223
1040
1325
1055
1593
1097
968
1022
1025
1199
1046
1071
1024
942
934
1083
1098
992
1096
947
1095
1522
1030
1487
1049
955
976
1007
1298
1155
956
1468
1002
993
900
1120
1026
926
1511
1044
1062
953
1046
983
989
980
1115
1862
1123
1576
976
1117
951
973
958
971
990
1141
1113
1037
1534
1089
938
971
954
1058
972
1173
1173
1059
1120
1162
1034
964
1192
1121
1204
1011
1096
1114
986
982
997
1064
1472
1180
1020
1365
966
1107
1609
1076
1660
1551
1070
1593
1074
1104
1509
1060
1087
1554
1086
1018
1056
1049
1039
1000
970
1027
1161
1063
979
999
1057
1633
987
972
1034
1038
1083
1151
1023
1000
1122
1008
1067
1109
1054
973
933
1047
962
949
1102
937
1025
1014
1033
1076
1228
1020
941
935
1027
1044
1095
1114
964
998
1060
931
1658
1050
1063
1011
1089
987
979
1422
1092
966
1044
1050
1006
978
899
1045
960
1442
1522
1173
1391
1045
1129
1228
1177
949
1076
983
945
922
960
1153
995
1012
1080
1007
1063
967
1510
1091
993
1388
1027
997
978
1080
940
1000
969
984
973
974
1090
1034
1187
1016
1075
1006
998
1430
1075
1080
1133
1794
1148
1063
981
1480
1150
1023
1110
936
1047
1111
1013
1012
987
1042
1078
966
944
934
1008
1008
1225
959
952
980
901
1002
939
904
898
919
975
990
1066
934
978
967
934
978
1000
931
972
1010
1640
1048
1003
1102
1000
980
1037
963
1596
1070
1014
1038
966
979
1027
969
978
1006
950
1384
1085
1075
1171
981
1029
1012
1063
970
1065
1036
971
986
1039
947
988
946
1012
1611
1218
1917
1267
1134
1040
1106
995
997
1501
1101
1067
1096
1072
1034
997
1002
1023
977
1054
1023
1203
1113
1010
1527
1090
1140
1625
1163
1173
977
1484
1073
1034
1554
1712
1160
1024
1038
1057
1180
1102
1000
1407
1120
1042
1055
1160
1057
1053
978
979
1113
1028
1343
1078
1132
1337
1399
954
912
978
1101
865
920
879
885
951
885
876
914
898
890
1058
883
854
941
854
828
907
852
819
807
862
840
870
870
871
904
1249
1037
896
838
1032
930
900
890
819
1333
962
990
1007
847
926
820
838
1235
1007
834
968
851
877
980
966
955
946
824
952
906
974
1019
878
965
920
890
932
905
825
869
1003
1006
1013
978
918
952
895
926
1329
927
1055
895
894
963
910
938
949
880
833
935
1025
969
906
977
861
861
902
1011
1127
1117
1010
994
1100
1000
1597
1153
1011
977
1032
1009
1057
1037
984
1034
998
1074
1235
1014
983
1131
1649
1046
1090
1139
1011
1038
999
937
1011
1149
959
969
925
1121
1542
1124
1077
1115
1126
983
1012
1064
1005
1055
1229
1020
1064
1078
991
1063
959
1021
1066
1135
1075
986
1034
1085
1114
1164
1295
1009
1069
989
1125
1229
1093
954
1013
1084
1112
1025
1028
1001
1047
1036
938
1174
1083
1016
995
969
1121
1057
1015
1095
1000
993
996
1006
1014
1147
1597
1157
1054
1095
1011
993
1040
999
1120
993
1040
1046
1047
1026
1039
1031
937
951
970
965
1048
1027
1098
1117
1094
983
1130
1066
1018
1084
1076
1032
988
1014
1034
1011
1049
1060
987
1086
959
1017
998
989
1050
1093
924
1059
993
1124
1163
1140
983
983
1000
1199
1052
1006
934
990
1054
985
1042
996
924
961
1006
984
924
922
1496
1089
960
1033
992
1137
1101
1036
1600
1011
1029
1632
1121
1090
1166
957
1047
1203
960
983
980
973
967
961
938
1064
1031
1015
1002
995
1058
1088
1022
1622
1025
999
1501
1095
1039
1385
1063
1040
1045
1068
1070
1075
1289
1251
1155
1016
1006
1025
1309
1155
1529
1678
1086
1034
1088
1142
1036
1041
1111
1478
1014
1122
1052
1017
972
938
1126
1079
981
5839
1060
1035
1052
1003
1034
962
1056
1031
1046
1017
969
1149
1115
1060
1029
1009
1016
1126
1075
1584
1065
977
1035
996
1089
1225
997
961
1023
1148
996
1138
1085
960
993
1480
1043
1037
942
1032
914
1028
1161
1028
1063
1020
965
1100
1076
1037
1113
1189
1578
1105
1042
1106
1170
992
1034
1086
1003
1077
986
1026
1000
1015
1014
990
1019
1120
1058
1077
973
991
1105
909
1182
958
1041
1063
983
1156
1048
946
973
1071
990
959
1073
974
1537
1513
1046
1068
1037
1067
1016
1049
999
1399
1094
1025
1040
1023
912
1002
993
1173
1041
1525
1082
1012
1614
1027
986
968
991
1003
1018
1033
1518
1725
1070
1158
1030
990
941
1036
1033
1185
1154
1216
1129
1037
964
927
1022
1066
1071
1013
1071
1187
1049
1218
1082
1010
1006
1092
1616
1200
1280
1782
1044
1005
1135
1533
1224
1013
1068
1086
1513
1433
1169
987
1192
1038
958
1086
1069
1023
1024
1047
927
932
1054
1033
989
1075
1103
1243
1090
1095
1031
1563
990
1021
1016
1074
1191
1035
1366
1011
1009
1255
1078
1342
1069
989
974
