986993
1749
1824
1986
1598
1858
1804
1751
1888
1789
1625
1720
1814
1658
1780
1564
1386
1353
1801
1745
1791
1695
1584
1741
1869
1764
1648
1323
1721
2012
1817
1668
1798
1820
1959
1828
1765
1760
1763
1964
1880
1973
1595
1834
1814
1797
1686
2097
1777
1878
1935
1977
1826
1722
1748
1831
1523
1486
2015
1948
1783
1736
1814
1691
1709
1665
1791
1825
1780
1799
1526
1623
1583
1507
1594
1409
1722
1767
1636
1803
2064
1600
1722
1821
1871
1811
1803
1813
1557
1689
2126
1728
1774
1760
1653
1799
2003
1603
1495
1746
1879
1792
1853
1741
1745
1617
1701
1717
1894
1749
1551
1629
1715
1509
1841
1617
1861
1869
1692
1486
1501
1770
1943
1512
1709
1889
1752
1820
1983
1749
1746
1839
1706
1837
1897
1851
1868
1837
1752
2013
1319
1669
1753
1813
1842
1886
1852
1759
1819
2105
1906
1767
1898
1873
1843
2020
1620
1695
1839
1966
1720
1866
1386
1680
1778
1423
1390
1798
1750
1694
1739
1864
1728
1842
1877
1788
1592
1791
1362
1668
1588
1741
1772
1899
1798
1866
1766
1420
1354
1754
1779
1752
1806
1446
1765
1680
1664
1759
1681
1932
1626
1705
1800
1890
1880
1709
1730
1640
1796
1812
1738
1680
1710
1426
1618
1702
1462
1635
1746
1581
1768
1743
1880
1787
1833
1459
1638
1372
1645
1701
1850
1989
1785
1914
1835
1784
1850
1656
1735
1591
1663
1735
1739
1714
1798
1720
1667
1829
1788
1499
1822
1843
1987
1808
1925
1593
1832
1686
1817
1592
1332
1747
1801
1740
1898
1680
1719
1873
1707
1630
1866
1718
1417
1683
1812
1724
1900
1622
1856
1849
4353
1823
1850
1879
1645
1669
1770
1793
1849
1525
1863
1820
1776
2176
1953
1908
1790
1579
1870
1705
1817
1708
1953
1749
1751
1669
1532
1380
1616
1739
1763
1749
1585
1425
1715
1418
1632
1267
1587
1374
1567
1695
1662
2299
1778
1684
1725
1821
1985
1437
2106
1795
1606
1877
1718
1737
1507
1888
1685
1344
1656
1427
1618
1828
1775
1817
1826
1743
1809
1608
1830
1830
1795
1800
1797
1834
1788
1796
1930
1717
1680
1734
1936
1836
1685
1774
1694
1742
1780
1923
1863
1675
1532
1648
1796
1570
1592
1553
1743
1397
1596
1369
1817
1995
1833
1853
1915
1860
1867
1742
1780
1835
1952
1772
1851
1924
1838
1897
1680
1646
1588
1448
1849
1500
1727
1768
1528
1820
1731
1691
1617
1649
1791
1852
1697
6366
1718
1940
1768
1874
1587
1707
1915
1809
1742
1973
1815
1897
1977
1846
1706
1761
1800
1708
1658
1823
1805
2062
1885
1602
1651
1777
1675
1291
1773
1882
1803
1891
1756
1874
1840
1892
1544
1653
1743
1740
1985
1886
1756
1344
1863
1326
1581
1662
1718
1577
1642
1391
1747
1677
1855
1857
1751
1837
1456
1787
1808
1834
1731
1950
1834
1765
1666
1708
1813
1778
1398
1687
1872
1526
1658
1818
1647
1611
1474
1670
1784
1872
1740
1825
1308
1849
1831
1750
1726
1840
1400
1811
1713
1287
1830
1732
1922
1831
1600
1834
1859
1832
1913
1688
1629
1625
1458
1800
1868
1811
1842
1854
1707
1709
1585
1512
1768
1686
1832
1731
1677
1585
1745
1576
1610
1602
1748
1683
2185
1933
1800
1664
1814
1425
1491
1627
1756
1664
1781
1758
1479
1857
1726
1797
1820
1862
1925
1357
1803
1997
1359
1709
1767
1814
1594
1971
1856
1718
1677
1920
1678
1728
1803
1729
1725
1621
1979
1763
1429
1720
1550
9940
1731
2086
1610
1797
1767
1881
1685
1747
1308
1860
1736
1770
1857
1941
1716
1876
1589
1687
1690
1731
1365
1820
1688
1834
1907
1830
1910
1307
1637
1652
1509
1452
1731
1584
1633
1516
1733
1720
1780
1360
1776
1886
1771
1743
1703
1856
1974
1842
1785
1677
1605
1760
1583
1812
1871
1740
1737
1750
1796
1691
1794
1826
1674
1752
1644
1725
1666
1822
1791
1666
1510
1507
1863
1888
1805
1451
1743
1978
1726
1903
1503
1591
1582
1647
1410
1952
1674
1666
1706
1409
1670
1493
1820
1888
1852
1455
1507
1737
1822
1800
1655
1797
1704
1825
1808
1572
1926
1942
1755
1672
1918
1721
1857
1455
1449
1767
1853
1866
1917
1783
1437
1742
1811
1796
1659
1890
1874
1856
1791
1794
2094
1597
1820
1731
1888
1305
1700
1921
1760
1910
1942
1657
1754
1872
1443
1741
1433
1679
1634
1755
1751
1924
1831
1751
1821
1752
1773
1517
1763
1741
1629
1769
1522
1845
1860
1922
1843
1867
1475
1526
1917
1374
1940
1738
1943
1903
1902
1725
1686
1334
1858
1380
1650
1523
1229
1653
1795
1731
1918
1831
1680
1793
1771
1815
1706
1595
1663
1772
1771
1692
1844
1511
1613
1881
1799
1815
1938
1656
1936
1822
1855
1645
1783
1706
1746
1727
1516
1735
1831
1757
1996
1887
1602
1283
1840
1449
1441
1866
1693
1770
1495
1881
1888
1444
1670
1933
1939
1488
1691
1957
1557
1763
1832
1711
1782
1918
1411
1581
1667
1849
1782
1355
1720
1367
1798
1962
1807
1731
1889
1553
1820
1661
1689
1958
1486
1680
1821
1719
1605
1885
1763
1828
1933
1604
1757
1850
1850
1868
1851
1960
1834
1452
1648
1762
1526
1315
1529
1818
1542
1786
1869
2201
1932
1819
1524
1730
1793
1834
1871
1667
1503
1807
1676
1721
1714
1965
1613
1686
1955
1995
1722
1792
1774
1711
2041
1540
1538
1576
1594
1364
1596
1623
1437
1879
1943
1714
1855
1580
1843
1511
1846
1680
1603
1634
1727
1533
1744
1988
1870
1624
1695
1742
1775
1957
1764
1746
1474
1697
1700
1507
2131
1660
1803
1518
1917
1790
1889
1491
1662
1674
1706
1371
1898
1584
1460
1858
1950
1810
1863
1815
1870
1733
1809
1828
1726
2025
1747
1820
1902
1612
1625
1762
1877
1317
1802
1725
1835
1940
1917
1676
1924
1769
1491
1744
1756
1931
1820
1377
1631
1745
1885
1547
1720
1745
1667
1691
1896
1515
1502
1654
1720
1920
