912313
1777
1854
1811
1899
2210
2214
1710
1905
1756
1369
1530
1554
1516
1543
1557
1621
1712
1474
1335
1581
1728
1788
1794
1714
1445
1698
1597
1806
1721
1558
1500
1817
1697
1585
1763
1747
1723
1835
1818
1835
1834
1608
1705
1370
1729
1546
1296
1620
1438
1836
1436
1759
1625
1265
1664
1697
1819
1577
1311
1348
1591
1811
1580
1897
1691
1825
1760
1582
1805
1900
1722
1791
1687
1770
1535
1586
1868
1713
1766
1578
1389
1584
1789
1646
1768
1764
1759
1824
1589
1588
1814
1661
1891
1557
1720
1758
1675
1716
1660
1458
1557
1644
1826
22545
1786
1934
1697
1706
1729
1880
1731
1831
1549
1825
1772
1739
1465
1740
1896
1702
1782
1834
1870
1749
1849
1891
1723
2211
1774
1567
1421
1814
1791
1811
1800
1476
1940
1757
1771
1785
1321
1820
1881
1599
1658
1766
1800
1871
1443
1999
1792
1922
1740
2070
1749
1787
1323
1724
1812
1783
1792
1883
1877
1847
1767
1920
1880
1695
1792
1700
1671
1816
1654
1781
1640
1775
1698
2020
1632
1576
1558
1428
1547
1869
1488
1691
1812
1819
1798
1741
1736
1883
1846
1835
1802
1890
1737
1444
1795
1830
1838
1789
1578
1782
1392
1923
1850
1477
1732
1778
1478
1833
1567
1858
1785
1717
1785
1474
1720
1674
1991
1442
1683
1841
1864
1922
1787
1584
1859
1443
1720
1805
1804
1853
1840
1735
1812
1798
1786
1908
1826
1634
1307
1261
1701
1292
1603
1784
1725
1792
1777
1825
1803
1792
1666
1420
1668
1671
1695
1779
1831
1860
1804
1834
1664
1836
1928
1813
1781
1808
1870
1724
1812
1446
1682
1833
1773
1711
1909
1366
1575
1916
1545
1748
1685
1886
2056
1858
1397
1711
1602
1838
1810
1851
1798
1421
1780
1794
1815
1884
1811
1629
1797
1667
1585
1903
1405
1825
1641
2045
1482
1723
1750
1620
1710
1674
1438
1750
1629
1536
1820
1791
1446
1579
1489
1930
1808
1806
1812
1749
1613
1696
1599
1617
1820
1673
1751
1704
1344
1547
1869
1724
1776
1866
1760
1551
1865
1678
1810
1614
1865
1682
1855
1654
1736
1750
1965
1766
1829
1894
1790
1704
1758
1620
1862
1756
1849
1884
1843
1927
1745
1785
1881
1717
1804
1591
1849
1792
1571
1823
1792
1855
1521
1734
1388
1853
1940
1432
1453
1612
1707
1509
1706
1283
1734
1632
1589
1613
1743
1778
1812
1597
1789
1342
1910
1860
1823
2006
1682
1407
1631
1989
1666
2108
1800
1688
1778
1834
1785
1817
1773
1511
1642
1280
1763
1933
1938
1869
1688
1943
1440
1886
2149
1789
1738
1654
1449
1526
1540
1332
1653
1706
1842
1640
1547
1525
1909
1564
1440
1518
1391
1457
1617
1707
1437
1513
1553
1490
1458
1427
1486
1393
1445
1322
1517
2257
1804
1696
1573
1518
1674
1529
1340
1737
1426
1953
1358
1720
1857
1835
1443
1725
1674
1765
1660
1765
1671
1651
1815
1652
1669
1606
1599
1588
1795
1907
1745
1787
1935
1746
1847
1767
1797
1826
1821
1789
1743
1432
1780
1834
1484
1367
1797
1613
1757
1599
1789
1697
1872
1833
1906
1587
1652
1680
1300
1635
1795
1889
1744
1346
1531
1780
1757
1732
1816
1474
1547
1715
1689
1843
1760
1787
1822
1708
1829
1889
1804
1800
1728
1909
1886
1842
1720
1906
1580
1798
1531
1785
1955
1426
1775
1902
1817
1764
1455
1660
1810
1822
1898
1514
1811
1900
1978
1771
1304
1749
1608
1741
1487
1599
1823
1786
1802
1726
1762
1773
1712
1620
1928
1791
1853
1335
1994
1489
1559
1872
1582
1829
1812
1890
1797
1418
1592
1811
1854
1657
1547
1740
1670
1838
1955
1820
1840
1878
1961
1740
1880
1806
1564
1722
1393
1730
1637
1757
1377
1418
1718
1650
1770
1791
1837
1713
1785
1703
1763
1770
1757
1902
1796
1679
1822
1935
1965
1750
1763
1846
1689
2232
1792
1758
2108
1689
1799
1726
1882
1647
1755
1728
1885
1836
1802
1654
1837
2256
1766
1768
1653
1856
1780
1807
1826
1797
1769
1840
1903
1880
2020
1600
1780
1926
1734
1790
1619
1604
1424
1806
1637
1978
1912
1806
1781
1497
1905
1743
1744
1653
1592
1739
1423
1724
1857
1862
1432
1828
1742
1790
1853
1789
1615
1774
1715
1653
1763
1683
1640
1768
1840
1808
1970
1817
1757
1811
1771
1484
1763
1801
1400
1603
2170
1880
1806
1832
1914
1882
1940
1847
1796
1856
1830
1601
1866
1671
1842
1853
1732
1824
1560
1780
1694
1710
1743
1789
1393
1766
1398
1751
1417
1769
1797
1413
1653
1787
1742
1844
1751
1847
1496
1788
1283
33407
1742
1710
1657
1554
1658
1250
1460
1774
1349
1854
1565
1867
1846
1691
1661
1910
1880
1912
1630
1700
1960
2305
1757
1560
1749
1551
1523
1625
1530
1763
1676
1593
1600
2080
1846
1942
1747
1369
1759
1826
1988
1953
1877
1923
1837
1827
1706
1859
1401
1562
1497
1958
1859
1780
1569
1322
1460
1827
1635
1406
1744
1337
1806
2268
1915
1859
1896
1720
1657
1885
1816
1892
1507
1820
1803
1839
1734
1844
1457
1744
1636
1917
1828
1791
1660
1852
1444
1650
1693
1474
1871
1713
1665
1631
1836
1714
1871
1687
1623
1729
1700
1743
1791
1813
1483
1808
1800
1573
1809
1612
1837
1791
1787
1615
1557
1739
1660
1830
1693
1710
1753
1744
1469
1391
1505
1712
2003
1699
1412
1660
1725
1949
1742
1804
1829
1485
1753
1856
1777
1383
1698
1528
1840
1800
1751
1500
1838
1585
1812
1676
1742
1755
2064
1900
2024
1858
1872
1800
1715
1926
1685
1617
1749
1684
1711
1864
1818
1877
1751
1923
1462
1429
1879
1639
1797
1702
1513
1485
1449
1945
1494
1683
1875
1678
1915
1775
1645
1840
2040
1660
1530
1769
1600
1874
1947
1500
1985
1856
8781
1778
1639
1991
2042
2529
1991
1723
1737
1483
1589
1773
1966
2110
1967
1780
1640
1757
1580
1787
1849
1768
1561
1391
1800
1725
1743
1738
1750
1759
1877
