309774
231035
504756
274199
195137
209576
158960
158907
157987
150550
183780
186788
150630
183198
171564
212171
206862
195886
173395
246546
180030
202454
163673
138594
139761
144493
173146
137111
155104
153357
133791
137733
159253
143916
139507
178762
176700
184017
124173
128004
131284
140248
196563
235853
183785
203696
127749
134054
128736
145789
143553
135893
236036
161573
193723
147409
155989
135645
145771
128408
293815
219964
162102
167153
271990
191901
248611
174851
181397
187150
187631
282365
185329
221837
164360
176718
152617
139015
194917
203655
198856
192320
156429
163507
173126
189160
1081551
232795
206164
217139
166145
147807
212471
146348
252202
173395
178799
174078
152156
184334
172228
234094
174240
197107
189334
149967
198699
177208
156630
150818
186619
159477
142578
169704
179049
262669
178906
190391
140727
157710
177673
165104
209373
298740
220369
189775
201702
149955
173913
175204
200085
4561410
211552
174365
161481
148509
214860
155987
147593
272546
173295
187683
168360
203180
177560
179723
140978
167437
142069
178342
160340
173911
190801
141926
145145
191178
190217
143466
175059
176469
218953
190156
203874
208442
176357
150359
147007
153970
151247
152007
160231
167328
137680
175268
141476
148487
163797
160877
203902
166338
149435
1492649
180580
204307
271554
153371
198360
156431
208843
165378
162851
184013
207038
203907
174487
224063
155786
159228
174823
166258
203817
201713
146320
142715
250387
198169
210120
207028
243016
180983
164582
170066
169880
159429
155128
141368
162132
150257
165167
164135
145343
145072
153154
162810
206829
155139
175892
145269
149645
147762
783908
224631
177574
200900
185748
167096
157980
182634
209168
176391
148989
138655
213100
153875
259479
254063
149337
182202
168975
153950
156222
191850
142198
183440
150301
321325
160817
192834
181236
144657
160232
145284
169957
343864
180500
181612
164577
156084
196433
197539
206059
231652
195397
167561
147045
238460
189946
172013
149958
147175
167894
158444
142574
160282
141027
167778
180812
138645
139574
143048
144301
226963
230974
202206
183670
207682
174944
179602
169303
190072
186965
186968
143734
163415
225140
179839
168713
223977
206367
202223
228018
218002
193764
168132
218368
207425
210570
173189
194025
168536
202577
198815
186073
196178
248173
175662
188079
221407
311798
281667
189771
226759
159537
200553
203367
153412
166392
263218
175528
148715
149269
147243
189711
211721
150217
144678
150485
191393
203076
178749
200527
158489
153124
204644
198850
170922
181121
195841
146634
199910
201266
172109
185512
180318
182103
180828
165390
175797
163397
176232
147652
142420
152115
170600
154947
158233
253746
200277
261555
209149
182507
185576
187343
204961
245382
145333
146922
292780
185100
160406
193053
149307
173601
182356
157788
196305
158454
212081
202400
206528
262959
175233
199744
163989
223027
175202
161969
196267
144830
157061
137817
133605
204018
181573
171929
216103
199114
170134
169720
188431
241923
186623
165613
171863
137015
151186
135037
163029
136936
141838
240801
212331
236962
190328
195019
224532
217006
160138
171102
147402
181750
222124
189934
295065
198519
234230
221211
177762
209688
175852
180312
144988
131340
207283
238709
178455
211132
150274
171647
157614
148777
268249
166415
207616
228067
170020
197601
166860
229912
186683
198517
213143
176022
213690
179287
179411
188488
188165
211989
171966
152087
161512
192933
155551
137560
142747
158226
141829
213068
148109
290566
185122
198398
220142
183912
158836
148191
145140
201185
171449
170138
159246
206434
146896
166814
196349
137366
168211
159694
202826
234644
190200
161727
203521
183659
190267
168913
233410
167223
157159
164330
221426
170216
178868
236300
167638
201572
207361
198099
180469
170356
212554
192515
147770
155729
170577
169126
290215
198506
169686
205387
174815
144219
192195
188480
180776
178077
206528
215570
168882
163791
140314
194645
178133
181851
156087
151990
134399
185740
179084
171740
157991
173935
218336
168155
177799
145913
143789
134954
159789
151572
193790
196171
199939
190881
146186
137356
148543
176357
161511
132715
185667
146747
186600
182670
153908
144861
153379
689513
191203
230161
182018
181457
188199
189565
181799
156017
159362
151032
171986
218090
229806
177012
137257
184624
160393
163287
201364
164867
136792
186901
193903
211215
157758
151458
149252
124622
143964
136000
153120
144307
248122
189052
166808
158414
152684
148368
144210
156422
148934
194003
171754
165794
169839
232631
232732
195381
159251
147955
164726
263360
190543
178241
185039
161058
141335
137207
156222
142830
157629
175038
154765
195430
152355
235731
238849
156866
155016
146175
160619
156385
156190
157849
170771
223591
156007
149242
170582
137954
175232
151909
143133
178646
173773
201518
238986
172776
189148
172505
156600
140153
136699
200303
171640
145781
161645
159576
146387
137873
170923
146834
146416
157633
149406
149311
139411
208223
163851
181389
204582
211951
176114
136597
184820
199292
147997
209462
162038
143558
161210
178924
150484
143150
150820
140181
184371
166688
159199
147527
129561
155031
175366
173366
144924
289754
199973
195569
168993
142791
171805
142990
154404
160746
167771
165242
200471
164723
140440
156110
184558
140771
172181
172720
139003
149658
168661
150402
175495
249452
173968
193059
272021
210896
209711
170980
206537
170747
144197
160209
146364
147491
138146
236814
231730
257105
156513
154844
147636
192274
142529
139177
137620
164239
188083
160227
296856
177561
249825
179086
168133
173749
144762
172909
192613
149822
141275
163649
147001
136634
215164
230785
296140
193895
213695
172690
319916
198579
238968
202261
175115
246417
180544
213919
181936
183105
162636
169148
142693
151617
177720
161456
150653
165631
161771
186933
166929
143873
137345
142560
196528
209805
191220
345188
200861
246045
165300
219235
204202
199365
202443
295154
208446
233215
271569
260625
186106
215826
213764
212330
199285
174499
180650
204152
139668
194794
154657
202347
212273
160371
158627
179235
181988
210130
216880
249181
201897
164226
167766
166177
145203
150215
173177
158470
150310
182003
248205
197199
244442
247079
158628
173390
197390
156838
140910
232782
196174
175689
247787
174665
202342
165351
175034
169360
204920
166662
154277
172512
232824
164921
183081
207374
150400
276143
217822
169149
197593
209440
171414
161613
179681
146387
136921
141305
156667
146056
154494
157705
133678
145298
160655
137357
177461
146562
163626
157909
154937
128131
134374
143862
131672
163444
201977
154651
231313
218305
209153
196127
167595
190429
172091
131449
148173
152861
145714
209002
165983
143873
144738
170983
149287
145051
161583
182354
143822
204134
152781
166971
212454
250776
167460
169945
177748
161156
152849
181686
214147
156638
162978
170096
153867
178145
198114
184125
166533
158430
186230
164395
222394
205897
180066
165747
174429
190250
172388
150724
154964
255427
145201
150375
157208
194550
183416
146216
205449
185148
163599
159980
141994
147600
163563
175745
175716
145394
306266
175907
166245
179656
161263
158278
245405
