300581
228876
193435
186886
224966
177733
185909
152086
139002
207021
145997
128640
132909
144802
139657
174231
173840
144472
226723
194492
131909
131673
141413
140921
151954
166041
142864
149790
208844
153791
160078
171654
163135
188965
143027
170334
174092
222424
169156
190363
193685
173356
171530
164196
148278
177683
187982
204631
187528
193414
195366
141275
175631
163967
188137
172767
177755
147483
158721
140813
155678
201583
193197
160596
179048
169269
176810
239009
265789
219920
198114
257190
210932
198133
212708
195830
204820
198481
184141
166465
148895
190648
164406
179240
173486
166122
202589
157426
141039
191548
177589
223618
194012
168693
179011
168787
178192
215654
164524
223707
185382
148290
148970
168861
193866
164939
218267
213150
218234
155914
139391
176278
166241
278085
217601
293514
349168
220951
287376
238190
657042
232838
205046
305063
324245
196163
185673
192115
198649
181336
167874
199805
202423
228662
190962
153305
167422
171449
157457
174576
157049
166194
223286
168987
196427
175420
173049
241737
192240
194359
179870
173950
187066
216042
179081
161489
142758
169162
268176
250359
231052
214593
249880
188712
217240
228393
216317
243895
231083
204938
225390
206437
237956
314194
213141
213284
234687
195518
228318
194444
199454
180183
227778
240775
189031
203019
192286
183183
209598
222519
223405
190723
194043
195781
219288
206229
206764
200116
225138
244183
217598
324062
209483
233726
248661
249704
254685
255597
229666
230055
216998
222595
182940
195886
177153
166751
184373
172638
156699
200345
194968
201557
175534
328986
242011
197026
197689
196432
237709
192266
260167
230535
278250
235350
207747
208638
222233
232208
201649
207758
225464
181889
199273
220685
184993
188293
207818
212085
209648
209439
201026
254383
229271
209026
196216
206826
239234
212058
203811
216476
231361
219934
201386
199667
207768
220964
192586
201030
206646
217799
244627
254006
294142
246185
217592
229788
318279
288544
210827
230203
219008
235163
248286
242682
197990
245514
219226
211449
238814
207577
279153
229270
230424
244055
234778
228298
204122
240060
193951
404472
201246
252722
210242
225640
203744
271259
239260
195779
490904
263168
229154
233084
275549
212185
284734
208674
193838
228282
200000
204502
195169
340781
234269
251780
218450
320394
262915
205840
205387
232249
157783
191187
152817
150276
167563
139574
205265
209506
171706
244004
212731
198907
172554
280225
194810
276846
208269
203903
220637
211341
191091
214066
284943
248243
218528
176285
230348
208342
196098
172359
149955
187283
195478
192777
177641
222110
197760
152113
175635
188898
174422
323004
1532522
229664
247527
259891
317382
238835
230883
177769
220415
195768
240147
209087
204431
186983
175554
177515
225342
245840
181360
231217
169449
159539
227853
224366
196306
167922
154226
167050
163582
151600
221923
224523
176361
156186
195478
207555
161273
143645
259364
201542
272018
240698
190046
193315
183649
213030
172927
159043
193325
184469
178312
242494
203730
217863
180139
266714
197206
191211
190322
197300
199160
236831
164187
178035
172950
273730
201053
187985
167662
162313
172769
184117
166620
197677
181182
157517
149305
170076
154632
139148
146097
195571
283387
229265
279143
193531
185911
250157
327522
191419
235142
221927
252705
174955
170078
160858
206416
218099
277925
251742
296642
216340
198795
182130
193495
160636
165381
160606
163632
174306
206309
139220
154497
160330
191697
173113
215970
165927
277101
226890
315946
258691
214374
199716
206678
237487
188436
263987
173118
229546
188024
210462
225629
231638
257773
213887
290409
217608
190640
271540
188810
198617
165888
197391
144168
191797
175765
228911
175600
276428
255539
199540
221776
211673
191232
193034
177504
204049
185022
265673
212740
310606
282079
191954
330578
201016
242142
169268
156913
145248
208488
202285
193347
182424
232322
205840
173865
158547
149420
155793
158303
152176
176112
211870
290189
231920
211816
204217
285407
270995
203300
232990
183704
282890
208178
254250
163580
171211
168244
216036
217631
190425
240258
207742
168422
236097
194722
179207
196767
194138
205136
180383
178010
207764
214790
173280
183799
147489
294893
197590
180694
180365
158863
281369
208494
199663
161643
291404
234490
233096
203633
190989
187068
172282
185986
176989
179768
186840
149420
179201
155500
170406
181925
161100
178586
205524
167311
174909
157348
168157
154109
160304
163750
194606
162468
191498
205626
219762
216916
202160
167323
172971
185358
243962
233907
183457
4215504
205957
212120
186648
167793
278851
201544
252046
222716
178610
238548
227905
177786
175212
208751
172634
190734
175570
172630
167499
173878
177334
149567
188509
228504
152856
201810
219445
160355
156010
186765
191971
202589
215981
202102
168201
178321
175414
157090
216335
253235
1569769
309391
261302
277336
216123
190135
192540
189942
183206
431504
299634
224894
180429
179837
192654
273073
246055
227858
272260
246629
244155
193595
192888
239606
214911
168405
155640
284473
250467
206963
176671
185073
179435
249435
226829
401307
235559
207373
275517
376666
228397
202389
169573
311489
201604
308365
204557
196130
178519
177355
183586
185131
152994
198072
277142
226901
253234
196406
174086
186829
191354
290526
250516
208000
250636
214781
214439
183370
271506
379648
228487
179816
176847
167078
203326
238094
162353
199340
191088
163346
193978
165830
168829
179312
158494
176254
180283
153302
174042
164540
167988
174488
208235
157309
149348
206867
239149
186939
278557
326045
188507
196388
191552
157862
153609
162018
170643
177131
290326
195370
225023
150800
190029
216389
196595
165634
242361
195220
260108
254074
186571
190502
181155
179140
216221
191415
167648
322583
243034
197109
241500
287265
236957
281574
232421
203810
250140
281091
238980
299642
224702
231722
189531
201473
192819
175375
155471
185240
224709
182589
180369
176593
213595
188839
233003
222837
195973
223253
171028
154130
154568
158901
195656
149480
213888
169717
167426
188246
161537
167926
216509
197653
206816
170893
210053
182803
175025
223530
294033
289685
214674
260485
242636
183268
240889
216690
175980
188907
189297
220924
248346
222513
233167
367778
253864
240817
209746
174874
179640
236014
186974
181383
169526
187222
209244
217566
180856
198800
153749
167469
154843
161985
162432
145404
169395
155198
149272
149674
208171
197771
190256
191230
189686
152705
177340
186225
173048
213583
186380
166111
187918
145753
177058
237914
169177
194425
230038
194451
161674
194453
142945
153358
170680
139247
187086
175719
182212
175053
162468
187083
152272
156981
157734
182728
163077
160128
150621
158455
149257
160106
145482
177388
156782
171105
148860
155666
168800
160072
161404
162895
178745
149726
142942
197002
168789
150807
184244
181801
174779
143973
146516
146440
172163
208603
154665
185712
159878
162701
190610
192909
167049
150748
145786
167885
160274
157024
164905
150702
191369
294574
184488
205315
241074
188799
247421
181803
161997
160494
150321
175910
167835
144942
204597
163365
169586
170408
150414
180322
154486
178921
140798
