185884
181394
203942
201603
140123
195515
165942
140501
150572
238724
235349
216286
192183
219450
203048
185110
157977
151089
148239
166735
157142
148428
146706
161360
167178
154859
204333
147687
199442
190015
174670
168500
158624
157682
230620
165243
171000
153903
146077
196802
156674
284951
181020
182410
294247
176969
165368
151800
191799
178811
152029
158783
163875
172436
138459
148292
146541
178016
197408
138606
138694
170247
141895
167967
164248
138048
142189
147544
154802
180506
179787
133382
200242
245802
192425
189649
254837
220617
252040
243030
286653
220173
203151
265217
190394
162510
165061
249638
184746
198321
175894
181100
161638
151109
231698
168132
170246
142878
235203
179769
223699
188882
164382
166148
258719
161664
203702
205396
183547
178549
179113
153645
162018
141142
146886
171747
168346
141959
140718
130359
160181
154505
161729
185997
129952
142641
176242
169362
166863
158738
130730
183051
156261
168720
168545
330120
194074
191653
140404
188750
148035
157503
162896
134208
166473
158782
188802
194656
158112
156365
132850
135914
149259
134830
185756
251494
160381
160300
155729
146246
152134
156227
152262
161480
343773
205619
222083
193462
201624
163441
158775
139703
143549
181462
146540
177930
156464
157687
170939
173044
180382
146844
145811
239227
211972
172273
206206
199974
156257
154092
193247
179770
211600
195278
164982
142620
149251
134280
149709
170277
143980
135306
144481
174689
202386
147406
165030
154149
137671
171480
150432
310839
245174
197887
148233
170706
221909
228420
319568
188027
185663
163560
167748
167268
151039
148177
148924
193840
153568
187005
152255
157874
165843
283972
191453
236463
272655
221175
175873
188844
152228
214542
211316
199785
159399
173095
161519
285913
205515
211955
176220
151119
186499
261838
182564
270163
212928
211762
208347
159885
136565
162094
178014
234968
191193
197974
222679
164088
150426
247091
298502
176013
157517
175638
142980
127980
173582
337556
178637
198426
194766
211043
182764
182557
181687
163619
184628
176286
174931
200819
172484
268697
200363
243680
165861
194370
142572
197501
186169
143778
176242
153811
202882
137763
161062
197581
203268
137458
150437
146397
173007
141798
143786
191965
160544
142854
181920
197849
176908
161060
149794
187657
287271
209252
198612
163913
241395
160206
177694
140728
161744
150702
147746
196680
215441
268900
162675
186300
204991
219676
191556
152409
245242
173201
177606
217206
179214
163960
211825
181644
180802
190020
149524
195889
179097
165557
166695
137006
147887
234856
208443
150312
146696
193349
154089
164612
157040
161711
196758
194220
178002
285922
176563
235262
190533
220168
206084
176129
185251
140857
166215
148753
151346
139784
153801
171918
197297
181596
247906
492167
216940
185061
160782
215940
173030
141980
162044
217326
167688
162329
233617
166807
171701
202191
223324
190384
162578
142940
188873
204098
184003
171158
206593
168110
193289
189155
162369
143938
135065
167598
154139
411280
197919
190130
189507
143047
216258
148960
155819
165162
159605
186696
212646
151598
144982
191211
150047
136751
167235
134217
141293
153833
166703
139333
140765
175276
154257
251434
198157
162625
157816
149111
157885
256995
227433
207100
191264
169400
171694
169864
151524
144575
174097
214456
148718
136350
177484
185036
139820
149615
201413
186648
161382
161116
171106
167324
157898
159212
178231
141073
192562
146597
172353
232947
160524
227024
148226
159574
156740
204159
152906
151703
173837
168319
140913
152014
177862
151840
133235
201778
155360
196093
240592
161565
164676
179029
201668
157663
157193
137679
154600
260691
157142
193106
239051
176608
157976
148020
150232
142445
193686
152723
170528
167567
192405
163940
164531
185120
145893
156500
147609
191710
193559
181826
207760
210025
261940
201713
205326
193546
187204
183578
198796
154916
146181
168308
151823
142494
137948
187946
152357
151840
173514
166893
130012
171653
141638
165153
179892
167846
147683
197901
175155
187280
137594
159496
132955
167911
178469
134848
209053
158884
196820
192463
178178
225790
226776
171641
168718
171612
187337
153229
187918
145344
160686
301047
209417
246256
173246
200157
157000
156235
142991
188228
135722
137164
138863
188957
143344
139045
159664
134851
146588
156092
155131
146053
140100
184627
154680
162994
171352
143168
137758
153087
171747
127502
136749
152164
147974
185389
203205
135742
195348
145028
135446
174206
182798
152019
158209
154127
166308
137406
160092
240852
190617
207093
190520
184898
181150
174020
143791
132772
161900
172400
142445
166133
141186
150200
175394
158189
166425
148096
163121
139659
165570
171305
156886
155328
172847
173558
171970
165961
140820
135302
180382
160895
149511
173592
206446
192638
156140
185954
165037
175501
163638
158556
179930
152103
247858
154038
142541
140175
158071
145856
157568
144513
146680
143855
144814
145375
147238
145243
168438
138697
147851
254888
170980
197271
209873
211267
281723
214003
243467
240586
224318
206582
292703
285326
195305
232447
203382
193963
178989
196645
196619
251840
235138
233760
352914
230723
240249
193145
255171
215420
188678
214045
211096
322640
216652
230380
213486
225448
204052
218182
233248
212928
236997
285194
201040
248473
212611
231214
195094
199064
187284
253727
199243
187737
178625
181678
180805
171525
185649
166879
183500
193308
202768
212830
174494
495188
214514
243754
213575
200004
231945
204119
209490
219932
174645
142179
141802
160327
150439
155402
153010
147698
139921
153683
154748
161445
133754
139515
139603
131702
147754
144606
252034
165520
199228
164178
243526
199168
189378
197041
215805
185716
149845
225674
189465
155415
216686
212273
176550
151471
148313
230787
166811
182805
159558
165135
149748
181374
154113
153001
150938
242340
165656
185173
297287
256024
186736
185375
159369
193218
224552
224969
185111
225006
181424
169527
202463
149338
137666
179523
209367
189994
191386
161298
205441
159807
179722
159309
234011
189460
173578
198717
228370
193725
191926
161946
258439
165532
166344
166525
196369
177259
310729
263783
185273
217508
182263
176282
300680
192031
185011
156071
155269
171289
149278
169971
246228
219618
148567
189449
207559
173298
156533
193312
162831
278401
221003
365437
206982
226056
167827
278412
192180
185464
182278
175800
176400
144464
159212
249343
195160
184203
195354
199252
170496
240388
201145
212228
182307
196755
144030
158367
149238
156287
223049
282266
205432
190287
161330
199148
172298
169531
180534
178311
169962
183431
207754
156536
163815
183632
144434
152114
149655
158695
172893
171800
228301
138043
155035
134945
212149
163706
189476
275267
176159
235757
171581
231504
150129
132209
125816
156439
138934
174481
283202
194576
205536
179996
146947
156567
163817
164379
176946
155328
157320
168478
152812
155442
147618
170238
202910
176458
234983
183624
207388
163433
191182
158962
178117
170245
200000
186272
165384
167452
169529
192092
164656
200432
177000
175507
279245
277893
221099
179398
189731
206738
194843
164232
170082
184440
184216
246453
165334
212761
180534
146472
