299254
194117
251643
190689
306754
219640
217941
177022
220606
215133
208868
207955
230527
273596
202569
191217
185415
196787
205965
188363
328679
210434
195345
214494
188576
194264
211162
218744
184432
297900
231028
247740
239530
240972
214320
214196
262633
240630
251641
227774
235340
253858
242609
194391
198165
196616
206440
207774
192857
237840
238600
196851
214961
207822
196526
208946
232889
347939
190078
214568
235700
192465
218997
245273
232150
178432
209840
230083
265812
220653
178737
206588
199986
185379
306578
192640
210095
186617
259448
195701
203628
197342
224346
301437
250061
201009
283624
227944
205003
247288
231550
198662
237656
236564
197594
192758
209245
261825
217628
271702
254804
235456
326002
219344
227073
275708
187323
214403
212213
288709
194389
192892
196372
222553
196196
230108
212700
223490
203657
242618
233428
276369
213674
278337
233587
204323
219800
292727
242946
211504
218140
211799
225911
183226
202337
205105
215291
197248
222466
220903
289118
201873
296653
216366
263583
353090
209546
246277
216468
313751
225231
197785
211452
300757
187311
239000
359963
298575
194429
212636
279359
196471
206097
198453
188920
222391
187427
181950
211843
204198
240738
238124
231182
249685
218468
219954
365497
239887
240808
207535
316011
301716
261290
274138
267788
273080
298355
266712
287601
277126
260291
256880
303789
242920
221162
324534
301336
286619
269124
231993
284422
268642
282037
244999
262143
278271
267666
240782
250713
237654
253040
239303
327853
216369
223478
236666
220566
235281
231408
339985
342974
236017
311761
243091
284426
236692
228859
245483
299690
252403
267318
420802
249524
279830
246861
246440
233037
281964
303549
253249
275644
231996
217357
240927
215192
246096
221527
210251
283212
281312
258551
275885
269989
247398
248372
317323
296223
234753
262776
279832
267832
272156
215559
334977
239729
257447
252310
284252
243192
277736
236118
249415
253320
223844
226772
386631
208220
241876
265428
203900
200980
223369
247470
233313
233103
192115
291185
310194
246820
239268
190250
230800
233420
227957
246051
233772
212853
254498
197975
264868
219218
236991
253165
309672
261459
210116
227725
273408
202892
206900
214546
254271
220891
219263
232845
207795
297880
226085
223393
256750
249285
231542
232517
314398
250186
247115
244261
210785
213248
221540
211682
290102
255247
266261
273197
209334
258752
224896
214184
222222
230727
270283
244606
231930
213458
251905
256969
248149
301086
230562
228769
206830
230960
317625
240840
314466
295608
261867
271715
229047
238817
207050
322009
323203
235655
240562
229976
225504
220037
207260
246351
199060
224138
245873
216584
254484
407979
247966
233860
276036
315131
254883
268205
251006
244113
271526
266128
209826
208979
219656
235134
314864
296308
240745
222322
258368
308012
198901
196663
195552
205642
227914
273158
286993
277682
277940
289846
217747
410820
237068
219990
283473
198233
271257
243370
243027
232893
253111
205582
280094
276230
234112
258585
229161
259343
243467
230956
356283
264329
278008
294294
268254
232214
286565
272312
228357
209292
223120
238122
213697
204991
390056
264143
227986
301405
230193
334014
239512
280648
308434
235285
330357
240982
222598
218306
285636
227235
234704
271786
281967
240894
216436
221314
246964
210063
212700
237895
277080
229354
210800
270012
351489
266203
236332
272450
234245
246472
211365
274926
200114
274890
228999
305585
201760
229396
262041
238298
340757
307943
286817
273744
259903
234249
246480
218947
209190
214073
273370
253914
232326
244094
311847
233988
244718
251015
241132
291738
276266
386024
220667
254317
251749
213191
300153
209417
226048
232581
202440
250332
217668
236600
222807
277163
243362
312391
271304
273543
232037
219183
242905
304809
287020
265402
232828
217901
229388
243019
246443
260553
275072
274635
209124
394517
218251
290573
318782
221745
275572
213704
313090
251973
224160
371229
229247
213449
225581
240253
284375
318990
238603
510111
268655
211931
284897
293711
221472
374365
309286
278423
236252
326673
291346
311802
331991
229751
212215
293754
230115
256065
297211
261742
324631
236811
320004
254368
216937
254777
446737
262104
270563
227497
285492
327623
273409
336126
209303
225403
268771
230525
228383
261795
289750
274694
234200
249227
221800
246517
216986
224499
244830
258634
304575
268428
220370
254423
267018
219924
301945
248585
300992
250851
269806
246266
233300
358781
337675
291644
357484
300903
366633
294827
235880
344161
241245
271596
270302
261120
270777
236366
329695
361997
245606
281784
287284
250422
306533
249838
267590
242065
437729
283200
235116
255573
280865
259516
232160
494422
280501
386732
319975
320240
253159
198247
234049
276533
322258
353915
208619
233446
264609
219114
247021
275530
207480
235692
295268
287326
278672
286872
286065
204354
238794
243136
311989
393246
245645
227900
255916
310826
214494
226786
194521
229305
253877
311357
290855
225140
243506
215470
237788
232104
249718
233939
253676
327397
218288
218669
256473
266265
278869
202150
341429
212515
217840
251873
226404
220543
273247
242855
206171
285828
239657
291418
289293
294807
249407
353633
276878
310680
376594
255218
284438
302561
295680
273273
252762
260994
315210
314506
275188
259620
260394
298618
265734
260384
249760
313538
324426
281347
272843
327899
294341
292590
281225
318553
330022
326686
299659
290700
245997
222033
218277
218733
386500
256555
260233
314999
225128
312213
226855
236962
354669
246761
249296
283999
288848
239421
223884
234284
208994
233777
311804
239950
240790
305392
205575
250428
237752
221615
215454
268440
295006
200009
207882
267259
203330
243386
230532
268893
226616
194371
256608
231831
259185
225353
333078
302782
300591
256665
300203
349170
291823
285462
227006
251717
207923
275363
340819
229530
284577
272384
298340
259571
313788
246233
245756
288094
269629
295153
246497
240692
247672
249932
298632
251394
281183
239965
223992
212588
209087
285829
260329
240194
252423
238198
220885
278379
253379
286603
260851
239909
249031
232068
207221
271722
253336
209201
251260
198217
294778
284612
252988
333652
265360
272185
215734
246962
200859
269055
278616
233143
323286
275761
307185
254507
292425
265319
229942
241693
245558
220338
236373
372667
298870
219216
234797
280079
321206
243383
235832
226474
230118
241577
230704
273296
279214
247866
298784
300109
230301
208206
215318
238131
283606
292295
287380
256075
307065
241449
289540
298933
234159
246212
287807
266065
254574
239538
256679
322116
291889
294982
248802
231106
249486
238784
264110
285276
242058
275693
320882
236291
209360
236586
237655
244806
283433
336699
276611
231456
322982
479010
248755
257319
216909
270017
260480
291119
216341
283524
248149
228203
235490
287543
334040
265432
240163
237741
281113
278865
244419
215003
305250
239553
231992
226447
230769
344001
213675
222617
232361
392007
306989
261477
245314
271597
296909
287394
302813
328994
389660
257111
249773
301260
238540
217537
262949
292285
222401
228244
278283
285675
218567
210240
306323
235525
203174
250095
239622
247689
307928
