377860
331151
405443
421445
417685
397150
440565
369097
330266
343279
333722
341883
358689
310081
320549
391095
375262
306262
451371
333675
360782
320715
300309
431108
317730
368641
322297
341456
363204
322911
360754
313054
355628
328438
361835
296871
345805
239165
308408
268232
368569
323375
323072
369720
346273
370735
323595
363723
264042
292817
268571
302077
269575
247297
274256
308186
302999
327416
417862
339468
307769
314908
348316
269171
342391
273638
277291
271058
284738
376125
322749
275788
324679
246495
281574
249176
350329
262661
251059
291408
342456
284941
389100
343193
296900
312809
290872
262321
311643
279543
363125
359824
261589
331945
329385
413232
421773
355257
349752
330036
312525
309533
302436
326998
297547
290228
311787
302348
277066
356179
411399
326458
387500
330877
397130
379617
358013
371526
297725
342909
281466
322260
325404
301979
312824
287038
286784
308680
262568
289852
295270
297060
316407
298809
260244
302870
339292
316838
384213
352594
321716
254775
312881
294685
299376
334609
321833
345540
388316
350772
355285
411037
317560
351983
330374
305009
292669
333500
344240
231940
289060
252572
272756
293437
307587
265261
254380
337428
257635
310729
326747
301072
260358
354795
300932
346401
312538
327414
267806
293526
314659
291689
313955
343735
268478
352054
305046
344133
328720
279427
332630
252763
374253
269583
384077
366487
312729
337905
277254
328463
297754
444825
337077
333745
411327
286452
338507
305285
324904
297330
345709
304678
302205
300904
339641
300930
268411
273760
299713
340815
357807
323318
330258
296181
321239
289884
283696
293629
395739
311875
280500
323463
342860
290746
327729
325340
321319
321837
316856
326881
358544
371461
299744
331640
464268
350250
300506
310584
306821
355389
330148
514950
391356
337450
379746
343179
466490
344457
493798
452746
435041
337227
479788
339607
339898
323220
344480
326769
369464
308705
307848
345827
545773
376976
335238
333745
418182
365486
353251
303615
432104
413928
378408
543356
423254
438726
308222
328684
249641
301004
327640
326222
282198
351425
297218
288407
345040
314523
340981
326435
382072
298764
330687
338427
310027
307972
371516
409455
336226
318604
391141
343656
281875
327001
364851
310464
323690
356652
322509
374456
370459
262951
310910
330719
310185
337092
266614
318820
298536
261600
298483
361562
358782
321584
294511
400177
270160
289806
295943
296304
321537
332223
279438
271851
252243
322713
301134
294653
283133
284876
315460
296909
312607
270882
271972
270247
306245
320831
373748
340993
326148
341942
306951
264415
340156
311740
339175
289806
324008
325422
327945
346628
304504
346212
454546
328378
343641
293242
320189
322066
346119
273966
316797
424807
294208
391153
381726
322201
318171
332947
303095
300983
290347
298163
390487
471156
315099
322888
281465
298462
314226
300365
365307
444483
339746
384257
294642
267622
343435
311286
313040
355251
316960
398145
346245
347275
357720
327911
304296
344032
287234
300702
358586
332473
302194
306266
301333
314068
277614
318594
339838
334919
316795
314660
303094
322095
974526
415166
373392
343565
299430
470912
341272
412817
360351
326616
308478
329248
322604
289132
302997
411369
353106
319299
332953
313043
292832
273789
451980
356102
328591
301711
284870
293011
275566
303783
297782
292842
295522
340082
358508
343858
376353
326720
298568
293333
289280
302237
352784
415970
285367
350937
1655014
305899
318763
268272
330009
300502
295082
317917
272884
288784
360776
267626
295020
254582
286467
316964
293340
323622
275101
311973
303577
265371
281688
262567
259477
337259
321516
301921
307568
340711
321287
324520
270193
282771
324896
343600
286564
277244
248052
261116
304109
335770
303729
329610
300291
265850
355329
353907
320340
300271
366647
328365
280727
356746
369194
358849
365830
319663
337077
275577
311268
293885
275386
267803
277800
370921
299663
412889
314150
332091
349161
265755
293817
247760
273509
310786
316863
373879
263705
271437
294770
291767
337652
320249
309381
339084
352320
339534
319298
303724
376139
347659
302705
383388
339874
346285
360191
325632
325243
334326
295825
371208
319110
319706
319260
337301
342318
352944
318067
340022
330388
297427
283908
460145
336039
275545
347560
366789
310564
331357
268491
302960
471040
340627
287474
298706
386176
343463
325320
415910
363606
571966
411909
338213
455560
483439
334531
299381
326040
329760
373026
318797
320354
333597
374856
318108
357109
328767
262079
304649
355465
297043
371343
289221
297088
333707
357900
351682
382056
295269
319915
326364
300913
397424
310731
315303
330316
307988
373003
350376
366085
321883
357132
421585
325206
383358
327357
277514
317176
284902
319446
317973
339264
340282
351385
274576
302539
316843
337902
296252
292381
307847
313374
258625
261426
314948
351874
351907
311884
290884
281928
353063
335526
318631
346717
319654
328541
309816
379317
383566
306409
312691
270705
385911
370095
336760
436264
421834
358320
327746
336079
315014
380662
315125
302189
352860
354134
294602
343808
312146
302345
337952
297638
311331
299781
333660
383752
296029
300772
365822
316527
303935
284192
414016
390580
313620
320807
358288
346978
334793
415220
327891
430951
440301
407176
394252
331577
385390
332999
343424
353749
356042
448447
405918
400773
328151
383380
354318
322520
332580
352744
354525
336671
353157
340796
292368
344833
348125
400135
303368
290592
362206
308840
381249
381339
394831
353363
372330
478226
367732
307278
325554
437405
348275
373600
303751
316228
374379
368740
307217
377855
343735
355685
373074
406986
365974
345617
351325
445963
313472
310535
308008
306694
352949
510738
301348
317288
307667
329549
391237
360430
357281
295066
315991
317343
311506
323979
311839
335326
295427
351441
365216
295355
342564
299771
309377
324659
282652
337002
311470
399508
341220
373685
332806
298972
315465
440981
391227
278686
346223
297025
445903
356369
401726
437853
410811
381960
340059
354608
358334
376480
348116
319050
330977
330961
403896
300864
370871
386479
314063
305271
335107
320467
364982
384469
304610
352980
369282
348349
387360
347681
359225
322888
276966
302100
288506
430299
317386
362165
302113
306161
303616
344240
397549
344268
334795
315002
354356
328471
370566
339125
287570
338352
460881
416219
392198
355520
420510
529345
456681
354545
380594
343685
346034
357828
342286
419583
407356
330662
336243
303703
308737
379051
413967
361780
327448
325198
313014
321820
319839
436194
367598
384652
327685
371567
309746
344028
326913
334836
292372
351866
338490
277152
337298
315826
351460
352299
356199
310373
272941
273999
265370
315473
305659
359538
250869
318470
294537
347803
307194
347910
346912
403046
350078
364994
285767
279350
324142
282587
351049
277632
339479
295440
268925
375581
290230
253219
327866
322097
255556
245078
320872
309774
290248
336528
360255
303676
335405
309945
320043
352501
325086
305932
283569
321729
266648
282013
334092
273466
331208
350099
298888
260914
303400
276309
281993
304131
288700
335946
330914
301783
306878
327202
400470
316945
273205
318564
402468
