281138
220953
214055
245832
204273
205425
204327
227457
238960
242558
217848
216374
254712
202209
261176
211459
287983
229987
256116
355740
198587
293943
249642
240098
267802
282008
228775
248865
243531
253177
256319
256648
250389
283323
221006
233534
224505
224467
232000
330374
311792
202631
527332
266591
212084
274092
252618
256666
304020
295197
225196
201584
253802
252401
218960
229872
314961
292858
229431
267551
264659
252651
268406
254380
204600
278619
283188
370939
217585
249483
269220
287370
271819
275546
254857
265847
240256
289376
194484
281848
277891
213503
221814
265550
311621
260790
207621
252383
209292
278655
231320
221429
245187
253635
226445
199372
998873
231903
225476
278076
247602
268075
286136
249965
212595
223348
217456
214936
230812
285949
257629
227487
252045
300619
250117
271796
259456
251355
309707
224593
263622
225174
206791
222746
230393
352337
229013
212611
265817
209509
241537
217229
239348
278649
202986
275740
250580
233449
269409
271222
255232
199240
242498
316087
299460
247650
274235
260970
362483
288158
277523
290379
265677
228910
222160
347790
275328
310153
225792
223399
332770
198724
211811
226322
210000
204946
254187
287226
260827
250906
219486
257020
257934
290876
273410
244561
206617
245725
387977
250054
283782
236142
282088
221989
273344
323549
242516
321578
267254
251269
233504
260112
323499
287187
281476
340733
252849
238116
273705
258374
260246
276685
225880
317322
225578
281395
356178
363598
301496
249517
278872
345521
242990
270287
266121
290876
341043
298920
358825
288725
305193
213008
302560
338615
275350
266872
254597
275059
221264
219187
239486
235907
271146
290524
262926
258377
276574
318606
251405
246965
408978
264041
221951
242577
264570
221653
290280
249655
291965
262756
296536
233491
265380
289429
245203
225683
281019
250130
280395
257125
273415
262046
315860
239386
234833
302873
267667
263294
239823
273455
260631
285396
257143
288784
255301
303524
245452
246980
258661
264344
277914
272641
263635
326041
305994
294288
253817
291957
274307
289760
310004
266580
338240
255877
257637
266817
264728
288946
273191
264929
330756
239331
283632
249108
265968
369596
240431
270433
197389
298214
243626
348683
261442
241538
268749
316377
267399
252224
328663
327553
290120
255995
312784
240979
290998
311093
269644
284475
240978
253052
279900
245340
213541
319075
386691
237839
273988
281637
278623
838041
206568
202788
246965
222970
240114
276658
212062
879062
209105
200618
280867
246959
249407
198528
205619
225306
289696
215140
237458
236840
284198
184975
188146
204435
395579
226252
321942
230412
239827
251837
230776
355596
270715
211924
255168
276623
203733
305070
208373
315611
253953
389350
218563
212036
256882
303063
238806
292433
250649
264270
280084
353850
272272
262538
222969
276194
266360
231403
232763
228323
229857
267470
298934
214849
203537
258080
265835
254219
249859
203141
213915
236068
201442
225808
206052
211808
256027
199446
217194
284149
210229
180831
272437
202037
207098
212258
238322
188131
207575
346140
242735
258029
213884
213564
228850
205666
257343
207220
240889
232277
266586
213974
267283
231489
329298
215447
298711
256935
226757
271537
269297
253995
210723
269460
223880
247775
232649
197952
357364
281859
348930
267892
238622
276532
314840
283057
336071
322424
194903
216391
181124
243955
213811
216644
215260
220373
299562
234625
289793
264873
273854
195335
254883
379037
238589
204412
286347
189061
204834
181454
229840
202778
197502
217260
198534
200472
268160
188792
221643
226963
253516
230904
195093
257205
222864
310489
239509
192313
184640
224805
261895
208302
221225
207904
218818
250664
209097
228827
210264
252206
249946
204837
208962
249116
197467
222820
208937
230500
386610
227974
271255
234996
285082
240632
222092
217935
221467
219244
227534
253726
267860
351369
266032
214005
247953
252253
262874
280405
269591
190078
198663
205580
244185
283112
242966
237234
220594
230831
273303
276711
270134
298293
234220
248752
223327
254293
322673
280493
405571
278361
245358
276325
322565
266433
227196
279626
252119
266821
333097
240968
196162
243383
319545
268741
239866
287221
240635
217396
228929
266167
242916
304996
293302
231485
254963
205200
277240
269784
277147
211549
271800
289282
256920
198027
230564
192421
232877
220624
230819
193656
199671
263869
257562
274204
300587
280231
242843
237738
287220
215096
239600
458487
236590
228791
226832
223633
237999
229251
215964
205424
226934
244010
315167
298229
263666
285398
334392
219441
291209
281224
219725
233685
206788
252040
235392
292962
243506
232690
216518
284093
325538
232295
216826
239410
305780
259032
241312
245170
346126
260842
281467
277869
347082
292531
242651
212811
240711
213734
274698
249582
233443
261874
229693
307031
267594
236551
212597
252313
252559
306483
290886
253739
295302
288433
289844
713626
287506
366736
316134
238517
310406
269245
338351
253991
319672
272823
248626
234143
280502
240774
290691
263682
254548
232568
254095
253837
233187
282015
270428
279208
279771
250765
267093
253029
246330
257743
307263
296478
285292
294217
261880
294268
355282
340935
276813
369827
271510
298784
263201
255639
271567
297335
275206
304996
386973
300090
286326
292152
223202
253358
259931
274312
317742
253195
186583
296941
335675
279281
476183
281801
262157
248500
236330
231042
368286
334785
231968
245749
234075
311501
190397
188809
219568
316488
238867
234461
272472
291740
241511
274657
249262
285218
242684
217087
328452
271347
286164
248931
312411
262075
263480
251797
273296
254422
258558
228557
315163
247417
221883
240855
223107
279891
247094
292469
226384
240321
321466
234536
284241
246027
222628
267471
272133
205551
225437
257832
288166
242057
310008
276699
235127
285387
249620
272857
283566
249999
304340
252902
261467
227817
271200
274472
302692
287555
220681
259876
245896
442457
275443
402189
256386
180037
234700
295391
182207
305482
217922
252281
213402
213376
286626
201715
242706
224480
230148
262724
237628
222381
226125
195778
324882
252724
252750
221549
259105
256799
251523
448244
293741
289857
346808
279969
295799
316986
230884
333615
247728
315989
269312
317883
201469
279704
194472
314117
270421
386914
253810
217019
218885
273457
250439
202420
225082
239696
258797
215713
266696
255581
339458
206424
292592
230931
228837
258415
237456
257538
197126
257027
200709
252012
268590
236044
197282
277997
250613
264080
221887
240919
264552
252103
288359
222935
208724
275340
261655
249657
253031
220016
212493
224213
290802
223625
246281
220999
292310
247751
194977
293661
250989
212623
273596
302555
220850
220215
205627
193146
208025
214836
209567
229906
198242
228166
228667
317730
197906
298594
284390
220437
213974
223259
248817
244195
302857
229729
195236
266303
221335
207406
205981
245516
257518
214902
282644
256385
221033
222385
222017
280891
260675
215939
218846
287089
220386
214789
201303
244891
271317
329980
247883
258130
227321
195804
414695
281577
256988
242783
253104
264655
261401
278971
218452
198894
206418
299198
295809
229114
258751
313375
210925
305917
