260798
291639
228226
227811
269836
197385
224641
214032
268596
246305
215351
198601
223800
215206
245016
254205
229751
206768
263680
263023
298564
289598
307405
298029
225506
210634
230824
257057
264854
269980
263005
248938
258913
220848
193825
252114
237070
220892
290137
323622
289667
248683
296825
324675
257598
325991
209744
313167
293176
281739
249491
269118
245977
327992
266608
222968
249356
240107
283186
286368
385958
307630
375303
255940
215014
265935
270920
204509
261740
261951
322261
275903
260610
267261
290410
205350
285092
296354
218593
287447
252914
236548
326447
255282
298569
226034
230054
290675
304891
266747
272686
346026
256687
327280
345054
250222
280480
241378
298731
359483
368091
256164
344448
247135
226235
203614
226333
223651
223364
267685
304945
251182
305345
245171
228966
247344
224441
320354
371214
312146
254177
317209
263099
220632
249098
312286
285778
232335
221535
207938
205832
250554
218674
217582
202843
242356
319680
217830
218042
215702
226745
252622
197317
211156
270745
232372
216805
232248
263982
302753
223974
406295
378205
204722
262340
223925
266455
263517
231416
264111
230506
232026
239955
339013
311444
267686
297768
302774
342237
209900
350953
318401
303840
294708
289469
270917
260826
258171
272907
256381
311474
219054
515429
237812
278835
209037
342475
228220
263481
258771
255968
331860
341813
326239
311691
234854
301822
318204
273270
236337
270692
261572
222654
306941
259561
251756
273582
362493
263340
298443
308473
217614
234100
328855
300789
298490
262096
224115
290745
324120
230682
253454
406913
271572
269903
316044
268515
244971
356145
278365
236339
265142
240166
276091
281614
301433
263054
550257
261378
308579
247619
243118
305021
237714
272443
265586
290129
279771
248333
256909
298858
257450
288092
282035
256419
275948
282220
254550
204483
206361
261423
308245
283703
236838
284447
331208
344859
262591
258106
281681
261455
290423
200542
267361
271482
380085
331243
259610
225122
292741
258150
262572
324302
258140
230043
324491
321815
293017
251646
368285
211102
281111
227278
293484
284719
254477
259809
262609
285957
309107
377557
261688
296254
262031
256070
301825
247665
292604
256445
330351
237691
278089
259870
226968
288638
222826
210978
330725
218929
300961
226511
245488
210683
216455
190814
251832
252036
239271
341564
204950
200571
277389
208536
205256
269238
275642
262497
211482
243125
204829
201534
332572
205070
361275
298268
217857
221415
293629
230477
231658
261943
310961
231480
290300
225437
263505
260023
272935
207537
253970
233212
231386
269293
286287
223277
281771
469999
203338
244269
285440
259633
299157
246491
259400
236891
310980
219515
217775
224082
245365
308798
214216
300088
236325
259439
259138
292595
269515
305720
202780
231121
297735
227810
268667
240494
290651
342920
223127
207697
220103
211820
444549
234147
209238
254388
410624
205286
187356
204196
224448
235023
235555
212897
255568
260593
265784
210350
215740
307128
262128
259213
229357
293464
276087
265054
261552
223911
225720
203547
246606
274751
224866
263435
270023
220068
313828
332443
260321
319525
262535
295642
226025
238280
269622
238133
264361
261824
272114
213477
193485
269483
201845
201878
259740
262588
286707
257473
258390
269490
319460
253518
267387
349324
390441
269210
222832
231180
211719
225227
318972
301139
288445
199089
216471
275181
210376
227992
264187
266942
266480
274902
298822
215836
238204
256275
199401
260263
208518
218620
219374
304840
229800
333246
275960
264697
257551
259900
290388
221669
230285
213939
207723
297769
234221
241404
265870
241537
195299
205412
251482
219444
227796
216487
251425
207565
220578
220293
250576
244803
261086
270963
235812
241773
250361
318729
258685
303420
253731
280267
395920
295832
208947
292386
254902
322084
281172
267669
252389
247036
243554
278541
243488
247377
233920
334191
267881
217716
242343
339367
300314
233509
229010
288872
218007
209177
181565
305285
259697
268900
256165
272021
267969
256149
204806
253487
277728
255623
281602
223187
294071
248195
356624
225507
207406
275129
300513
274587
326662
309530
241016
215992
210579
223383
369437
304243
284826
271529
324658
206331
235183
452989
256254
264086
231125
201348
314474
241332
250935
263478
231939
284433
194348
347514
259946
230590
259075
213769
187164
275445
229530
245271
274940
285200
216655
263282
255662
231442
209143
208326
211353
275616
293782
247735
213622
256627
221413
304075
246791
255409
272292
258069
220745
306137
232497
339687
295332
209657
258360
272329
268946
230910
211891
212411
239665
257727
273296
323663
272492
242654
284564
303407
295696
262652
200774
258708
229267
227448
247240
255489
259854
207005
223337
214641
209030
268827
212799
247687
197380
219328
269674
276996
273522
208410
227254
241779
214402
258759
246390
201244
219523
200129
253769
262420
279528
201409
192226
298046
264465
221569
254802
320332
299458
261437
207576
255386
226158
270044
205960
255393
229197
207475
264882
271617
265620
228082
227825
207228
267942
193153
195715
193998
248508
257648
304613
277593
254619
228661
256273
252201
282736
251670
211873
290924
253822
335258
224910
232898
255806
217891
202111
196317
2317516
246367
302929
268351
212029
314228
340873
220702
215864
221066
616770
259706
259655
260441
286102
257722
260808
263522
257922
315653
195623
254845
222673
249331
224842
251851
174792
250163
271594
215934
192968
216728
255804
264180
282495
310772
278764
259392
212791
319149
233650
364547
268200
270594
288561
321526
225355
343096
218597
215747
257211
341683
222673
251569
197693
205690
259591
226036
255732
209703
221906
223107
266735
255304
257613
238595
212703
214527
322063
305436
231007
190125
256777
277090
335673
215616
203729
225884
270856
259410
384732
217009
299914
256253
360917
261691
253030
211541
230632
256966
228343
269905
205722
245775
220880
237793
195836
172651
220072
247770
244572
210897
251533
291581
292987
268055
230412
224575
258088
256510
213577
212302
230474
199874
256811
246154
208510
230593
230514
210493
282676
288012
303685
255655
274289
209369
217229
202033
231451
269808
277865
220202
223508
223064
259241
210856
233237
250790
255330
309718
198050
207282
256693
273792
263238
273559
257251
225158
266416
198291
270689
269462
341636
264968
305162
312160
320380
303336
231179
263313
204421
240822
199981
226496
239503
221355
231360
258185
279695
185885
208521
305114
256981
287065
278335
288565
364241
264744
224241
218916
280607
257613
315592
273169
258049
285907
257728
277119
250625
254307
221907
228615
251507
236390
252920
223888
234207
259633
320590
311516
227589
433242
266015
264496
280880
226325
289987
233553
192667
305633
356788
180152
268801
218399
190165
188809
233514
203291
283000
229019
268935
224458
203991
264969
293163
272249
231104
258757
243267
214561
176886
289921
217475
313422
210926
193140
258464
258694
230188
253812
215529
232520
236483
206389
197744
232800
269269
199897
263942
231165
248384
245110
220917
213682
249318
219064
277825
204120
230044
233397
300627
210770
228540
217794
256837
248202
182395
229849
222966
