245375
258938
203962
235977
195998
242833
232509
257664
263620
289782
233875
199891
253031
258775
270311
205647
227366
254661
291038
251941
252194
255018
254342
260679
191291
361556
284189
259388
219588
305345
251915
383531
269454
219412
269240
251864
260182
276760
242430
316997
259149
218713
258630
217135
222974
298943
279646
316503
296468
278850
276996
298694
271353
302325
217497
205291
237277
221588
211562
248697
228717
296800
277727
261459
299273
366706
335312
286676
276987
262458
281192
314623
292627
256428
275383
301448
270268
222444
234736
216380
353865
225739
255953
329215
252292
264500
262042
262078
319997
348337
364303
252955
270232
264041
291903
290495
340833
266444
305270
328065
290315
280028
285392
271712
220740
257471
310906
266606
286494
237737
234812
255654
233766
199672
299066
232242
252878
263949
199765
266816
250268
278021
232892
268272
292522
307597
257234
262211
256081
217537
318382
279597
268855
272525
277306
220777
250090
306483
312084
303045
252237
271549
210414
268768
241474
305657
206769
228846
276408
251460
324412
269216
248380
308221
332065
255756
357409
346020
325722
284798
277486
267503
366451
288192
216756
231525
299383
259130
274340
231748
282722
341334
293520
289878
255928
228816
291984
244925
274197
248688
264570
235662
313450
280046
280378
230094
257561
209289
310315
269337
225557
349224
281833
279006
211540
267779
298752
309715
214432
282991
225702
269897
251543
296570
268049
252102
305970
238362
249147
220175
254724
257917
263977
230970
334359
276924
226962
274801
268014
256867
242514
379524
285491
210537
329742
257003
248163
321803
344753
310076
292249
266816
283060
221238
312891
293777
259623
270042
252841
286418
193917
387926
248976
212828
288720
233730
225572
261347
314292
321128
324077
306396
328104
288730
253202
279166
282073
274492
229635
248845
308886
227532
206945
338815
224869
293864
278864
288972
280558
277278
327319
342797
235456
350745
238500
243165
255472
324850
267902
292249
290800
305712
263296
219925
217169
232594
245398
260162
276150
293288
222344
271136
266740
266042
253616
287594
243557
215275
249355
253698
196840
238578
317371
265503
232834
277495
233139
253717
292690
256201
331557
253842
289073
265305
336590
300016
359620
281602
244249
242761
255412
248069
248448
278076
210557
255570
202376
216590
248784
280786
264162
215312
238415
229117
300722
379213
284906
243267
211505
253230
265146
281494
279225
214612
251392
208774
231759
253228
218798
306720
253700
222783
263117
264189
225622
275982
275829
288094
200367
291327
257565
354541
237522
293658
319139
249206
231021
291288
186833
238077
225644
269333
236759
204837
254916
259567
436480
286573
246151
259173
273876
342765
327580
317837
309877
263159
280211
226076
314009
247188
234812
225727
266093
205228
222299
206428
230719
310077
278182
292251
249625
281939
267900
280731
264583
334632
239387
238760
323547
224516
244857
213755
277220
273640
312662
233118
294800
254360
268229
195719
222187
309606
249617
223566
252037
208140
203975
208365
252757
227856
272830
271900
211999
227423
257888
272965
285817
300024
254420
322262
234941
237740
250418
243774
257597
260789
290527
222726
204410
222482
225554
332576
264864
258562
213554
249229
263915
204607
220546
212993
317922
224954
258804
211997
277720
232229
343149
297623
287803
315727
262643
291938
323747
297798
256796
222502
250592
202940
264059
211486
298273
258593
278597
298965
233671
262454
260724
264478
227471
249498
256172
221334
285532
253066
246513
232908
275743
309627
288526
248903
346783
258041
270995
243286
287962
283376
261919
214420
265351
220534
283704
300708
221122
256229
227134
254581
242347
288869
317504
297379
243877
274250
301445
256582
273736
230952
376663
301798
337962
260124
303573
270260
321420
242861
227539
232069
281876
286685
264828
306890
232289
217807
285540
239600
351086
266311
305854
303092
251933
264792
394014
272332
239113
282658
246209
235753
272259
296214
270840
284145
265576
329481
262491
273533
311126
286248
220280
224453
247713
291428
280871
224139
286216
218227
257640
291644
275163
266571
269508
222914
302699
249975
274398
246341
245831
260457
259957
337942
240489
273417
227578
255864
285840
264878
265947
253551
264943
230855
278312
213715
292694
257152
257438
310021
239736
268340
319685
271266
273452
295123
253214
280515
232440
216928
265457
326719
285125
252703
259235
268563
260126
270962
253934
293841
312181
244494
326366
363533
249291
315874
279037
276589
253424
303709
356069
283798
255472
295728
234484
316669
256528
278485
270777
295574
269691
350688
360085
356134
321940
371521
268654
315866
319862
316743
261289
220514
324035
279870
272560
349316
307233
299062
254976
334974
228522
296824
217237
247452
269502
301316
252700
226343
217987
296785
208490
230338
252677
265948
303449
264113
296126
267629
342933
219955
255240
264393
220342
288971
257920
310918
317136
232015
308507
291059
254207
327655
304946
277924
319294
264388
366599
302495
389952
223333
212828
305344
280077
289984
388933
288609
322316
252019
220827
295000
262849
272179
251450
391518
257338
736688
301919
272202
339118
329975
384022
307329
363009
329226
324354
290315
264657
251320
338126
243614
252469
294903
265242
305529
315015
293854
279126
273566
254282
265567
282554
312481
321309
263828
235702
289720
215927
227511
335402
220445
220214
228181
290824
263991
280185
241799
190467
292635
265424
227954
266775
252956
228781
221750
227066
201341
196203
225644
231389
213928
204656
229153
219900
313166
211391
238700
217235
199932
194858
226306
242338
209826
233497
210732
295233
209649
253854
206232
269143
253979
238531
198220
261517
264099
243119
247481
296246
232067
253871
259434
261358
277096
223031
252729
212720
298527
225783
276236
256931
250349
259584
273574
208131
235107
263488
256108
282918
225135
295027
277108
216373
216301
214914
253627
279086
209506
252835
226924
203334
275272
256922
275812
287032
367502
285994
246199
253182
246074
232522
217563
227268
290462
225156
264378
264805
315060
215231
230972
211799
231412
232693
196637
221351
288853
213305
224234
220244
261261
227944
228628
239960
291178
264719
257668
282111
266674
285840
301359
229187
216687
213761
230203
276124
229777
252117
258379
311428
253383
260297
360431
227848
282846
257118
297160
304821
303415
271915
272659
273436
281925
308009
298925
247109
295622
312797
313333
275718
243936
276650
213133
294859
274312
210565
286291
310098
290314
282123
237931
307714
293639
386939
271753
264013
271166
251706
265177
312263
250112
267397
211277
215188
242260
234560
269507
306654
290952
276666
258327
283464
257797
205075
276749
264819
258388
239850
257811
217561
223571
258476
240314
252278
217850
240549
267143
249979
245085
228630
279334
266150
264753
257395
265424
261796
245162
302173
265948
217946
255800
271510
329919
288383
242731
266050
242022
263929
263917
265793
364959
297738
241409
316271
279203
331200
311802
288959
272585
256797
304000
487056
407718
273673
274658
298423
278474
289541
245339
333203
321967
415315
343493
271440
266057
296672
311566
318445
352881
