300053
1817
1703
1398
1445
1384
1399
1360
1350
1592
1263
1217
1557
1076
1097
1405
1407
1333
1301
1307
1423
1263
1363
1198
1105
1100
1225
1091
1069
1148
1086
1092
1093
1031
1049
1115
1293
1111
1051
1340
1092
1109
1108
1379
1381
1269
1219
1157
1096
1057
1072
1312
1402
1315
1358
1321
1177
1573
1126
1126
1353
1522
1441
1385
1460
1334
1815
1480
1494
1316
1484
1687
1433
1722
1347
1610
1486
1130
1712
1569
1329
1632
1273
1514
1601
1342
1490
1743
1378
1387
1234
1183
1305
1211
1353
1337
1378
1607
1137
1244
1190
1440
1335
1312
1360
1243
1543
1394
1331
1195
1426
1142
1185
1442
1160
1389
1336
1555
1200
1121
1078
1654
1287
1143
1332
1284
1299
1406
1439
1226
1390
1621
1516
1513
1297
1251
1378
1150
1133
1374
1253
1331
1203
1216
1197
1091
1140
1197
1110
1554
1126
1184
1138
1173
1101
1563
1135
1113
1152
1100
1582
1190
1335
1447
1378
1268
1170
1151
1240
1131
1168
1087
1204
1166
1102
1553
1469
1131
1431
1443
1100
1322
1460
1723
1349
1413
1393
1282
1351
1197
1210
1185
1550
1357
1363
1456
1440
1580
1269
1118
1327
1244
1137
1192
1367
1405
1300
1356
1350
1268
1400
1197
1180
1171
1153
1178
1143
1241
1157
1101
1201
1158
1138
1540
1166
1120
1200
1123
1163
1216
1771
1688
1459
1659
1595
1157
1162
1383
1767
1403
1326
1162
1278
1189
1367
1372
1367
1320
1394
1202
1171
1120
1199
1111
1120
1351
1373
1428
1384
1223
1121
1327
1238
1610
1399
1460
1310
1283
1240
1144
1250
1403
1269
1385
1188
1223
1344
1250
1187
1156
1156
1121
1200
1150
1177
1129
1150
1165
1087
1065
1037
1221
1313
1319
1299
1382
1497
1297
1347
1401
1375
1302
1194
1214
1620
1397
1355
1346
1389
1376
1357
1379
1340
1350
1251
1440
1826
1395
1327
1371
1433
1263
1367
1408
1343
1317
1342
1344
1172
1103
1359
1419
1420
1372
1336
4086
1095
1380
1386
1368
1323
1220
1301
1189
1187
1171
1167
1397
1558
1446
1407
1380
1204
1296
1186
1308
1361
1277
1294
1194
1159
1159
1460
1140
1216
1212
1160
1184
1178
1156
1250
1203
1149
1202
1122
1155
1317
1422
1329
1294
1278
1535
1287
1235
1255
1385
1341
1149
1488
1426
1353
1188
1197
1205
1612
1126
1150
1492
1397
1591
1437
1380
1369
1237
1256
1365
1377
1280
1229
1099
1160
1112
1485
1416
1367
1383
1432
1350
1114
1314
1228
1402
1448
1341
1177
1227
1186
1231
1186
1170
1300
1371
1318
1383
1309
1392
1361
1210
1350
1214
1242
1363
1307
1162
1456
1349
1334
1290
1337
1317
1440
1160
1146
1730
1263
1347
1489
1430
1397
1199
1121
1286
1323
1409
1422
1383
1359
1198
1361
1714
1393
1378
1300
1206
1158
1115
1163
1351
1385
1399
1155
1143
1304
1278
1146
1074
1057
1443
1140
1244
1213
1427
1331
1355
1312
1451
1160
1082
1454
1375
1376
1391
1266
1135
1147
1501
1293
1137
1155
1097
1315
1333
1348
1318
1196
1412
1300
1302
1608
1353
1411
1217
1387
1391
1410
1529
1439
1515
1352
1329
1189
1285
1411
1160
1206
1387
1439
1210
1344
1455
1433
1178
1135
1463
1421
1311
1335
1728
1643
1318
1503
1208
1362
1287
1352
1000
1083
1011
1265
1234
1213
1183
1135
1138
1159
1116
1093
1214
1167
1141
1160
1459
1264
1167
1115
1153
1168
1126
1138
1139
1112
1137
1116
1188
1061
1069
1009
1062
1235
1407
1310
1317
1405
1452
1280
1147
1099
1037
1102
1064
1460
1499
1295
1113
1136
1098
1588
1215
1186
1136
1386
1431
1364
1262
1193
1124
1142
1110
1166
1093
1181
1334
1336
1303
1337
1293
1490
1121
1064
1197
1100
1243
1345
1340
1322
1210
1266
1348
1506
1451
3856
1362
1324
1355
1052
1068
1089
1075
1104
1175
1221
1206
1237
1151
1459
1304
1407
1311
1262
1176
1456
1170
1348
1341
1344
1420
1278
1217
1157
1177
1148
1118
1239
1210
1418
1419
1418
1338
1380
1247
1176
1223
1370
1393
1398
1331
1193
1101
1198
1159
1169
1249
1180
1171
1210
1148
1048
1087
1350
1282
1338
1118
1075
1102
1288
1123
1225
1236
1148
1163
1124
1188
1183
1177
1128
1360
1388
1382
1204
1136
1155
1138
1170
1172
1197
1787
1333
1233
1187
1230
1162
1171
1304
1203
1505
1529
1171
1213
1176
1187
1163
1203
1149
1103
1231
1212
1139
1161
1460
1462
1573
1380
1404
1659
1419
1348
1201
1153
1107
1114
1164
1187
1266
1320
1334
1350
1550
1241
1308
1128
1099
1096
1134
1119
1108
1215
1370
1380
1231
1221
1311
1150
1115
1242
1101
1130
1216
1181
1143
1473
1357
1143
1446
1464
1180
1210
1428
1400
1413
1319
2225
1403
1423
1378
1372
1296
1187
1188
1222
1182
1169
1222
1123
1665
1625
1126
1086
1140
1079
1091
1105
1092
1163
1311
1360
1360
1350
1317
1317
1307
1159
1433
1366
1358
1334
1330
1361
1356
13647
1176
1172
1200
1137
1119
1150
1180
1134
1148
1146
1121
1100
1123
1116
1350
1339
1406
1264
1223
1132
1334
1124
1116
1100
1114
1140
1324
1268
1349
1367
1331
1276
1347
1150
1149
1334
1349
1367
1305
1324
1373
1325
1352
1211
1344
1140
1118
1166
1739
1386
1260
1317
1080
1753
1701
1429
1360
1219
1166
1223
1227
1123
1087
1150
1162
1078
1103
1072
1096
1136
1134
1136
1215
1130
1102
1060
1122
994
1123
1040
1094
1091
1011
1286
1326
1740
1672
1300
1333
1367
1266
1197
1222
1158
1129
1203
1261
1350
1281
1181
1090
1207
1272
1375
1235
1252
1262
1204
1633
1354
1379
1370
1372
1153
1697
1203
1153
1195
1155
1148
1207
1148
1063
1080
1073
1133
1099
1363
1683
1563
1296
1256
1105
1223
1088
1110
1155
1356
1386
1405
1253
1246
1143
1140
1428
1112
1130
1100
1152
1162
1180
1129
1143
1167
1134
1710
1552
1396
1214
1144
1365
