257839
1423
1413
1427
1206
1506
1177
1222
1184
1479
1712
1523
1528
1538
1469
1660
1329
1227
1486
1240
1165
1190
1153
1251
1308
1531
1368
1180
1394
1311
1334
1461
1324
1140
1552
1603
1277
1301
1480
1545
1529
1180
1336
1460
1428
1689
1312
1320
1446
1415
1226
1554
1288
1164
1209
1160
1641
1285
1270
1688
2077
1471
1129
1052
1060
1068
1097
1062
1035
1098
1146
1118
1110
1282
1261
1334
1560
1507
1294
1308
1139
1472
1295
1377
1294
1296
1204
1623
1280
1407
1370
1292
1246
1212
1308
1282
1336
1214
1628
1267
1479
1270
1228
1433
1243
1298
1314
1356
1398
1416
1498
1229
1250
1212
1171
1406
1431
1572
1249
1164
1195
1144
1217
1284
1191
1172
1195
1219
1201
1205
1170
1140
1177
1236
1202
1116
1305
1287
1169
1565
1254
1290
1192
1179
1187
1237
1171
1180
1174
1249
1133
1156
1158
1172
1230
1401
1300
1283
1257
8315
1196
1191
1486
1233
1108
1364
1325
1490
1316
1314
1289
1176
1192
1227
1241
1200
1549
1228
1243
1269
1231
1207
1163
1189
1350
1294
1309
1223
1221
1245
1320
1225
1225
1222
1198
1167
1221
1144
1535
1140
1145
1170
1183
1218
1223
1109
1178
1202
1166
1173
1212
1315
1526
1368
1355
1268
1374
1397
1178
1272
1302
1261
6067
1262
1146
1165
1220
1174
1165
1172
1138
1167
1359
1135
1620
1605
1505
1638
1293
1279
1294
1312
1206
1707
1349
1368
1275
1276
1451
1275
1337
1179
1593
1426
1355
1500
1252
1243
1448
1235
1213
1215
1388
1316
1278
1254
1307
1291
1354
1316
1531
1319
1293
1206
1174
1175
1196
1330
1239
1320
1416
1456
1592
1469
1504
1504
1537
1407
1235
1377
1310
1316
1510
1347
1408
1650
1256
1253
1161
1193
1190
1173
1167
1230
1222
1178
1560
1167
1162
1136
1160
1220
1218
1186
1397
1280
1135
1138
1172
1189
1073
1336
1138
1354
1467
1300
1278
1241
1290
1257
1562
1313
1207
1250
1273
1318
1378
1342
1325
1315
1740
1547
1530
1422
1240
1446
1347
1155
1194
1193
1424
1254
1197
1383
1336
1274
1262
1083
1058
1533
1360
1301
1124
1443
1074
1222
1164
1100
1617
1223
1269
1157
1315
1497
1248
1288
1342
1469
1289
1214
1212
1185
1188
1213
1163
1210
1228
1132
1311
1163
1373
1296
1242
1296
1566
1180
1194
1620
1239
1177
1286
1400
1328
1339
1453
1380
1352
1195
1265
1284
1297
1326
1245
1214
1268
1270
1272
1222
1196
1479
1362
1146
1310
1291
1613
1120
1286
1192
1118
1191
1184
1326
1222
1221
1224
1214
1184
1192
1204
1158
1180
1200
1246
1102
1180
1194
1212
1362
1329
1334
1255
5290
1280
3857
1310
1478
1345
1362
1405
1330
1282
1188
1153
1188
1254
1231
1238
1229
1163
1200
1299
1334
1264
1318
1343
1242
1275
1507
1184
1183
1305
1302
1323
1276
1281
1326
1330
1322
1243
1287
1201
1179
1196
1182
1205
1185
1158
1128
1143
1187
1169
1174
1282
1583
1309
1258
1266
1117
1214
1199
1310
1300
1230
1216
1572
1398
1326
1266
1195
1125
1287
1177
1161
1223
1233
1205
1326
1202
1278
1134
1181
1277
1480
1214
1495
1276
1349
1198
1036
1565
1357
1248
1386
1191
1206
1224
1254
1211
1242
1220
1200
1205
1285
1237
1229
1209
1195
1236
1168
1191
1173
1346
1293
1330
1224
1313
1176
1230
1203
1214
1275
1162
1213
1319
1296
1289
1383
1226
1292
1238
1232
1207
1202
1211
1158
1240
1386
1615
1289
1262
1236
1255
1178
1452
1107
1150
1120
1150
1216
1193
1103
1234
1233
1249
1181
1262
1182
1182
1222
1266
1228
1217
1142
1178
1201
1213
1203
1182
1266
1268
1297
1160
1208
1215
1146
1174
1340
1275
1325
1138
1255
1204
1246
1591
1340
1320
1274
1202
1140
1232
1142
1142
1214
1180
1204
1286
1236
1186
1170
1192
1189
1202
1152
1157
1230
1211
1487
1224
1227
1357
1393
1200
1218
1171
1190
1245
1166
1273
1400
1389
1268
1174
1152
1191
1176
1158
1176
1083
1229
1344
1235
1175
1220
1178
1160
1153
1229
1181
1122
1165
1181
1151
1151
1190
1158
1599
1241
1336
1398
1568
1162
1438
1242
1176
1218
1190
1324
1222
1135
1231
1211
1205
1125
1120
1118
1129
1203
1249
1184
1170
1216
1182
1204
1170
1142
1306
1217
1157
1169
1260
1257
1199
1097
1091
1165
1161
1238
1246
1260
1196
1200
1202
1200
1091
1124
1127
1217
1186
1124
1229
1148
1132
1163
1113
1123
1249
1136
1157
1106
1299
1202
1179
1133
1187
1217
1149
1089
2020
1303
1257
1220
1165
1163
1174
1151
1211
1198
1294
1240
1187
1169
1229
1183
1212
1178
1194
1294
1694
1224
1220
1317
1350
1236
1384
1371
1403
1250
1372
1288
1323
1299
1258
1180
1180
1221
1298
1266
1306
1220
1251
1123
1249
1137
1204
1142
1289
1307
1284
1147
1252
1300
1304
1226
1286
1438
1358
1274
1251
1258
1311
1254
1907
1236
1217
1106
1380
1314
1168
1229
1248
1171
1102
1211
1269
1172
1292
1330
1171
1206
1169
1142
1127
1215
1211
1130
1104
1130
1406
1297
1349
1328
1246
1072
1244
1253
1181
1186
1203
1169
1176
1294
1228
1260
1217
1197
1236
1240
1191
1219
1240
1209
1089
1233
1273
1293
1351
1325
1258
1168
1215
1281
1238
1198
1376
1531
1301
1308
1282
1137
1214
1225
1212
1217
1241
1170
1200
1140
1171
1173
1083
1304
1327
1180
1176
1273
1171
1089
1213
1212
1317
8258
1232
1140
1280
1200
1280
1251
1142
1148
1211
1184
1256
1192
1149
1260
1224
1636
1168
1310
1345
1195
1212
1168
1094
1156
1150
1180
1310
1365
1257
1193
1147
1213
1068
1232
1147
1129
1132
1125
1229
1149
1119
1130
1158
1152
1106
1118
1239
1175
1200
1129
1152
1122
1111
1092
1108
1129
1147
1095
1102
1281
1256
1235
1162
1125
1096
1263
1220
1230
1194
1271
1202
1182
1234
1298
1454
1153
1318
1233
1260
