346939
14819
18528
14007
13695
11859
18964
23036
21751
17759
14931
15100
13075
13204
15654
18985
12750
14565
15377
14329
16835
13111
12561
12757
13323
21972
14735
13339
12787
14862
18067
17663
16468
16724
17181
14065
14555
16627
16344
14919
26946
14728
13478
12844
13317
12747
12780
12970
14386
13263
17654
14762
20678
15903
16169
15150
17050
16423
20222
15642
16938
18558
17445
19971
14192
14280
14893
14683
13161
13709
14499
12180
14939
13472
13875
16994
15780
16435
15282
13669
16936
13151
16310
12702
12582
13204
13431
16264
13357
16730
16460
12903
14569
14176
17177
18285
22974
23181
16195
14966
17609
14615
23498
22765
19023
16265
20319
16233
19158
15165
15166
22777
24557
24455
19590
16157
17171
12731
13812
13062
17071
15704
16577
13632
13001
16441
14871
15322
16033
14271
16074
14498
16356
15469
14375
15300
13880
14484
13172
13598
12528
14094
15063
13895
14556
13856
12883
16913
17351
16880
16424
18747
21132
22945
18737
16119
19266
20614
21151
18521
15118
32271
14873
15440
15588
20216
15225
12848
17912
17431
18873
17380
23443
24218
22444
23457
23584
21087
21692
22116
19153
19258
19494
19228
19035
21332
18464
22246
24477
16927
21284
27372
18165
19145
28352
21593
21017
18558
18805
21737
21893
21003
21739
21892
25414
21280
19897
19565
16629
16023
17883
19578
18530
14166
18106
17327
21396
19610
17472
16681
27449
23350
23086
23295
28090
22259
24248
27648
26403
23286
22697
21662
17972
22555
21871
20384
19317
19896
20510
18355
19372
20459
18352
17297
16686
17337
14969
17907
18751
20297
18849
19320
16773
20230
18719
17764
20286
17747
16800
21070
15493
17459
19494
32734
19134
18894
17899
15110
20964
22042
22335
25029
23500
22929
22731
23107
22920
21260
26590
16270
21621
21830
15993
17851
18755
21874
17451
15464
23720
20097
21958
20392
15751
17085
13756
15535
19561
18131
15654
18304
18819
19972
22286
16597
14924
14765
25998
23772
21097
23550
20531
22652
22734
20036
19524
22759
17611
17210
20091
20499
21548
17502
15499
14877
13838
18100
16345
17841
16145
17509
21805
21874
19508
17744
13415
18894
16338
15709
19360
19531
21555
22130
20982
23519
23553
22451
19849
17544
29666
21000
17715
17452
15541
21330
15058
13785
16318
18269
16663
15008
15230
16374
16660
16067
15337
15501
16738
22099
17857
18660
18053
18569
16685
14501
15260
17967
20404
18335
18552
17380
17230
17698
16338
14717
17403
21000
18255
16995
21368
18511
19869
17109
18079
17438
19976
17124
16757
22047
21430
19235
17302
17047
13897
15523
16857
18597
20918
17740
17411
19166
16691
17071
15113
17935
14691
14641
15125
18157
22667
20944
19502
23377
23042
24018
20437
22560
19680
19224
20835
21703
18120
19348
33190
22890
21780
21882
21187
21069
20404
19396
18383
29398
26847
25131
19411
17192
17534
16966
17207
19427
20809
23408
26614
23926
20386
19902
22585
23117
22014
33775
20006
21156
21663
23891
20343
21606
19363
22649
19203
19684
20585
23359
27794
23668
20812
18304
19480
19367
16080
17477
27125
18383
15500
15576
18690
15170
17072
14846
18053
16199
18889
17436
20710
18806
17849
20035
20903
18555
21702
23006
22149
20363
21001
17686
17087
19211
20160
18322
19320
16040
20286
20154
23777
16491
20199
19414
15893
15403
14670
14614
14702
15806
21072
17623
15536
18974
17241
20532
18100
23981
22398
22397
21749
24134
21472
25708
23105
21877
19097
21097
20927
22943
19529
18118
20788
18659
24458
24984
25692
28317
22902
21220
17854
18477
16143
18572
18121
19246
18094
19358
23637
19231
23122
19190
20795
16686
19144
22533
23766
23530
22223
17723
18587
17559
19655
17682
18210
14658
16490
18657
17815
18120
20293
24811
22097
20989
17883
20198
15633
16124
17427
22487
24566
22297
22434
22246
23251
26491
27131
23485
23253
18580
19243
22194
21320
15748
20511
21155
21180
18108
29744
26807
24214
24736
23474
21361
26652
26281
24859
18474
21891
33177
20347
21791
21471
21837
22429
21208
19303
15803
16125
15895
14317
23575
24034
22961
22562
25485
29151
27495
27527
24346
29312
21644
19766
14435
14820
22879
29607
17796
18258
20358
23011
21409
29093
27679
27332
21819
23802
24416
21038
19043
15685
24145
24590
21805
21784
19584
20276
21075
19438
22086
20604
12988
16717
17874
22886
22234
24880
23187
18264
21594
23688
21337
23656
20060
14230
13698
14732
15928
17945
17232
19415
21940
19337
19523
20236
24945
17338
27808
22075
21829
16242
23414
23617
22789
20886
21186
15992
16185
21933
21697
18989
18344
16470
18777
19184
18469
17129
16614
22459
21760
23386
23622
21520
22235
17473
18016
15517
20191
20448
18754
20700
23345
22669
27510
19403
18202
22145
20975
19913
14930
14774
20066
22044
16020
14551
15992
26177
22538
23538
24904
22038
21297
20994
18963
21038
19019
18434
17867
19920
17300
16068
21954
15387
20166
20506
26202
23705
24611
22646
20701
23111
20434
19074
19599
17589
16085
17487
20312
20936
17063
15270
16513
15781
14970
15904
16360
16501
14808
13992
13854
16335
15378
13899
20459
14932
13831
14261
16464
15251
15235
15800
19429
15633
15460
16223
19156
15695
16078
20314
19534
17048
17059
18405
13668
12857
14611
16867
14930
13714
15409
13820
14737
13560
15650
14818
13683
17110
23117
19958
21274
20108
22045
18813
20288
19374
19089
21686
15810
16245
14460
19601
16467
16251
20681
18303
16649
18576
15523
14548
16401
27005
13790
14938
24506
23236
23381
20251
18481
19325
27705
23615
20830
20289
22243
19791
19629
20564
19130
17844
16357
21044
15831
20374
19677
18200
17660
23059
24755
22471
23755
22454
20791
21194
20999
17691
20508
19445
18384
19932
18074
16796
23234
19150
20309
20612
18800
18746
16660
15886
12975
13122
12755
15761
17297
14490
12229
13954
14053
13470
14033
16057
19171
23100
13823
15260
15961
14906
15184
20771
15877
16872
16608
15006
13842
13576
13858
14243
16631
20107
17185
17080
14913
15057
15835
14386
18199
14527
14148
13625
14100
13647
13705
13691
13519
17648
18154
16955
28691
17862
19754
16905
17952
17273
22400
36132
18992
18152
17565
16597
16623
15654
16400
18674
16603
20219
17659
20537
16723
18794
18773
18874
24081
22424
19006
17001
17740
13967
17677
20996
19566
14972
16254
16881
14052
15718
16371
19045
13349
13476
21473
21282
23423
22450
22146
16886
17265
12806
12818
