291850
2399
2512
2494
2483
2474
2476
2343
2430
2335
2268
2318
2380
2560
2447
2422
3935
2404
2352
2451
2766
2411
2338
2258
2296
2585
2577
2589
2526
2126
2440
2082
2527
2487
2380
2308
2585
2379
2312
2340
2235
2460
2524
2442
2472
2301
2521
2398
2309
2507
2490
2261
2329
2349
2298
2285
2362
2500
2359
2345
2364
2449
2467
2376
2434
2378
2302
2778
2853
2391
2191
2489
2202
2247
2798
2500
2332
2333
2712
2401
2428
2412
2584
2686
2396
2294
2528
2508
2470
2600
2397
2290
2426
2352
2347
2420
2472
2429
2467
2700
2498
2492
2716
2322
2475
2583
2439
2405
2509
2628
2311
2369
2377
2459
2294
2549
2257
2287
2397
2367
2569
2449
2358
2542
2392
2288
1902
2527
2480
2671
2392
2292
2213
2436
2322
2266
2514
2390
2352
2337
2535
2562
2135
2767
2451
2104
2295
2296
2555
2056
2303
2258
2325
2462
2381
2384
2553
2628
2566
2392
2133
2497
2440
2335
2362
2316
2325
2385
2489
2516
2517
2543
2434
2434
2378
2464
2648
2723
2477
2382
2513
2553
2409
2500
2605
2602
2505
2599
2480
2735
2522
2437
1995
2505
2381
2532
2626
2443
2546
2568
2616
2544
2620
2443
2608
2115
2523
2573
2508
2489
2534
2460
2551
2447
2493
2394
2376
2374
2475
2585
2015
2518
2147
2577
2452
2534
2424
2464
2499
2575
2578
2651
2492
2469
2439
2353
2487
2699
2443
2319
1955
2383
2586
2386
2442
2371
2493
2366
2357
2477
2480
2105
2704
2562
2576
2690
1959
2591
2562
2732
2437
1917
2446
2571
2235
2380
2290
2794
2556
2800
2467
2326
2642
2485
2348
2667
2537
2603
2581
2296
2299
2342
2539
2603
2598
2444
2050
2075
2680
2528
2594
2441
2333
2546
2384
2351
2404
2601
2387
2478
2381
2208
2537
2832
2584
2472
2569
2666
2524
2368
2450
2600
2469
2476
3979
2441
2170
2544
2494
2516
2380
2434
2515
2509
2530
2419
2388
2342
2424
2412
2328
2760
2516
2272
2660
2639
2462
2423
2336
2560
2509
2496
2325
2458
2524
2411
2520
2458
2666
2529
2354
2249
2539
2757
2653
2613
2047
2472
2504
2579
2588
3041
2668
2076
2440
2419
2431
2462
2439
2371
2376
2382
2394
4011
2431
2642
2273
2539
2479
2492
2094
2604
2305
2424
2528
2124
2460
2427
2291
2306
2235
2762
2176
2546
2464
2496
2624
2339
2472
2401
2347
2541
2569
2631
2515
2831
2787
2440
2827
2328
2395
2516
2388
2286
2240
2561
2520
2612
2372
2665
2580
2441
2506
2563
2444
2388
2345
2518
2466
2698
2109
2498
2326
2686
2092
2379
2434
2351
2361
2390
2442
2236
2159
2473
2127
2675
1997
2463
2560
2616
2419
2744
2425
2513
2496
1955
2286
2409
2821
2529
2457
2300
2300
2373
2372
2257
2335
2565
2477
2262
1900
2557
2462
2479
2465
2628
2462
2284
2087
2322
2549
2336
2849
2350
2507
2636
2700
3127
3189
2091
2850
2522
2427
2360
2470
2364
2382
2239
2510
2464
2236
2891
2371
2249
2389
2496
2028
1992
2522
2430
2405
2286
2303
2755
2489
2337
2492
2406
2323
2371
2343
2553
2746
2482
2543
2714
2519
2355
2399
2391
2492
2779
2610
2523
2534
2538
2228
2324
2522
2602
2602
2476
2026
2471
2056
2728
2496
2794
2488
2051
2493
2223
2597
2400
2569
2747
2379
2879
2152
2310
2186
2492
2301
2612
2674
2683
2923
2688
2113
2457
2572
2661
2642
2150
2484
2267
2856
2729
2635
2325
2563
2261
2380
2169
2379
2403
2304
2287
2658
2578
2460
2513
2560
2714
2747
2379
2422
2431
2423
2422
2517
2549
2610
2540
2468
2444
2590
2490
2478
2551
2499
2543
2507
2574
2527
2450
2340
2455
2539
2025
2578
2623
2385
2296
2793
2058
2599
2672
2643
2058
2089
2480
2008
2438
2634
2553
2516
2487
2446
2702
2128
2549
2394
1961
2602
2005
2440
2533
2428
2602
2454
2654
2388
2354
2794
2461
2619
2593
2723
2644
2990
2607
2347
2516
2520
2635
2626
2416
2315
2290
2303
2473
2655
2394
2311
2731
2696
2421
2631
2616
2644
2486
2335
2723
2575
2660
2400
2520
2495
2725
2362
2177
2216
2333
2640
2573
2327
2386
2187
2336
2374
2392
2169
2361
2025
2561
2305
9067
2351
2624
2371
2438
2514
2383
2399
2220
2218
2441
2363
2204
2528
2296
2957
2662
2024
2373
2411
2203
2232
2190
2164
2186
2282
2037
2115
2068
2343
7454
2371
2288
2244
2132
2254
2489
2246
2232
2303
2348
2330
2411
2382
2637
2370
2142
2282
2661
2282
2369
2185
2697
2569
2305
2439
2742
2517
2605
2231
2670
2285
2488
2502
2679
2531
2471
2187
2034
2464
2475
2695
2376
2409
2652
2341
2497
2594
2312
2370
2465
2537
2348
2377
2595
2473
2513
2524
2381
2437
2345
2611
2420
2308
2374
2351
2345
2311
2540
2563
2572
2450
2695
1974
2619
2533
2430
2363
2188
2419
2569
2693
2411
2618
2438
2503
2582
2451
2223
2589
2456
2621
2472
2208
2510
2452
1998
2368
2549
2372
2385
2276
2208
2394
2517
2193
2439
2206
2342
2584
2376
2537
2833
2641
2458
2247
2305
2409
2297
2333
2409
2316
2142
2545
2494
1982
2330
2482
2281
2295
2546
2337
2490
2438
2406
2487
2038
2371
2620
2630
2427
2456
2433
2501
2446
2448
2008
2278
2363
1865
2634
2313
2246
2222
2323
2430
2636
2567
2559
2494
2537
2631
2461
2341
2369
2731
2558
2676
2060
2427
2543
2442
2012
1933
2557
2402
2629
2526
2511
2385
2407
2598
2582
2644
2424
2464
2446
2552
2505
2613
2423
2749
2607
2588
2351
2409
2400
2496
2531
2776
2592
2477
2639
2496
2605
2520
2463
2432
9135
2691
2592
2586
2574
2461
2423
2590
2167
2589
2499
2575
2606
2477
2486
2467
2463
2480
2480
2403
2392
2482
2413
2352
2293
2336
2490
2450
2526
2500
2634
2420
2285
2623
2582
2359
2487
2593
2380
2374
2521
2584
2580
5799
2585
2896
2594
2436
2683
2865
2469
2384
2683
2694
2108
