257652
1501
1343
1248
1376
1220
1285
1198
1133
1128
1178
1157
1174
1260
1144
1328
1224
1196
1220
1137
1147
1151
1129
1080
1251
1146
1118
1250
1245
1117
1116
1101
1148
1082
1093
1270
1127
1114
1107
1228
1127
1120
1177
1115
1120
1212
1189
1114
1223
1260
1315
1301
1253
1167
1184
1132
1195
1188
1213
1119
1104
1274
1194
1180
1278
1218
1151
1322
1263
1177
1260
1393
1316
1262
1250
1231
1243
1204
1169
1271
1232
1184
1314
1289
1233
1251
1213
1285
1217
1240
1302
1296
1283
1122
1410
1268
1291
1251
1281
1300
1274
1210
1424
1220
1287
1215
1449
1366
1224
1222
1188
1220
1252
1184
1298
1202
1260
1413
1177
1457
1735
1414
1396
1508
1467
1359
1209
1308
1290
1331
1227
1178
1231
1244
1269
1269
1207
1252
1391
1232
1194
1184
1224
1149
1408
1267
1232
1187
1160
1236
1249
1191
1240
1247
1171
1226
1225
1191
1427
1442
1390
1295
1287
1320
1486
1416
1347
1391
1339
1345
1320
1373
1344
1194
1375
1357
1410
1452
1271
1320
1422
1356
1350
1366
1321
1351
1283
1284
1339
1493
1405
1255
1336
1308
1404
1460
1366
1256
1304
1485
1423
1184
1303
1346
1803
1413
1362
1382
1440
1267
1337
1374
1376
1367
1261
1231
1234
1231
1226
1483
1682
1327
1214
1153
1330
1427
1343
1331
1333
1325
1237
1294
1429
1309
1340
1347
1689
1304
1404
1310
1215
1290
1318
1317
1310
1259
1394
1291
1362
1312
1266
1418
1312
1235
1274
1416
1415
1426
1351
1296
1295
1268
1296
1342
1362
1371
1418
1309
1300
1295
1373
1312
1175
1364
1372
1329
1191
1369
1393
1344
1299
1273
1357
1409
1363
1408
1326
1302
1349
1298
1242
1336
1278
1318
1470
1286
1354
1376
1264
1628
1256
1478
1263
1247
1373
1442
1337
1289
1329
1298
1235
1362
1422
1483
1125
1340
1411
1327
1275
1214
1230
1192
1306
1395
1361
1334
1370
1358
1312
1356
1315
1269
1269
1294
1197
1256
1224
1228
1309
1498
1260
1277
1172
1249
1334
1149
1324
1336
1418
1334
1275
1309
1242
1403
1301
1256
1363
1212
1282
1258
1239
1215
1145
1196
1218
1268
1260
1182
1257
1200
1143
1175
1565
1328
1279
1420
1237
1443
1380
1200
1397
1182
1535
1537
1215
1296
1267
1323
1288
1389
1352
1236
1137
1290
1344
1378
1369
1302
1298
1310
1306
1213
1309
1347
1291
1177
1228
1278
1203
1154
1351
1342
1421
1454
1303
1313
1380
1300
1295
1220
1205
1262
1208
1484
1285
1337
1186
1353
1245
1248
1314
1287
1167
1231
1205
1144
1190
1184
1394
1327
1267
1196
1184
1271
1240
1209
1288
1213
1206
1350
1320
1176
1322
25179
1185
1338
1439
1281
1316
1311
1248
1431
1344
1346
1346
1220
1267
1287
1274
1275
1163
1380
1188
1351
1256
1309
1269
1413
1295
1092
1346
1275
1142
1174
1197
1228
1230
1289
1251
1188
1142
1385
1125
1382
1342
1347
1417
1292
1314
1309
1229
1246
1222
1310
1340
1408
1362
1302
1133
1298
1317
1156
1370
1377
1228
1319
1168
1401
1260
1184
1160
1226
1388
1391
1346
1283
1412
1316
1302
1260
1309
1288
1293
1146
1136
1349
1200
1322
1263
1288
1190
1232
1262
1267
1464
1246
1297
1249
1220
1239
1306
1287
1137
1222
1218
1318
1229
1310
1326
1263
1187
1348
1338
1383
1305
1234
1237
1347
1305
1392
1255
1426
1319
1265
1255
1194
1173
1321
1300
1310
1212
1247
1225
1238
1204
1296
1321
1138
1228
1200
1214
1284
1216
1191
1259
1171
1272
1296
1182
1218
1300
1361
1287
1289
1200
1280
1223
1313
1244
1337
1335
1328
1156
1176
1212
1111
1198
1351
1386
1327
1248
1318
1283
1266
1359
1255
1233
1320
1398
1305
1439
1406
1331
1301
1253
1340
1397
1316
1592
1414
1321
1286
1227
1485
1357
1288
1239
1266
1356
1427
1289
1162
1383
1255
1258
1189
1371
1202
1200
1349
1296
1272
1347
1259
1238
1272
1196
1173
1298
1443
1318
1316
1247
1270
1294
1216
1251
1391
1374
1566
1386
1414
1420
1274
1293
1186
1493
1306
1518
1449
1328
1235
1226
1238
1237
1360
1309
1196
1384
1267
1259
1272
1308
1155
1187
1240
1182
1366
1313
1286
1175
1267
1272
1231
1252
1505
1438
1220
1186
1404
1426
1273
1231
1275
1172
1310
1269
1246
1224
1187
1249
1425
1175
1134
1336
1516
1298
1261
1190
1267
1165
1338
1196
1383
1250
1278
1199
1410
1217
1351
1403
1303
1264
1383
1260
1197
1284
1257
1278
1275
1186
1177
1246
1167
1200
1216
1175
1159
1207
1237
1159
1236
1163
1235
1144
1320
1180
1352
1612
1285
1331
1276
1157
1236
1286
1235
1192
1088
1297
1300
1264
1252
1258
1342
1145
1270
1186
1298
1271
1240
1383
1284
1262
1337
1232
1351
1130
1297
1270
1270
1308
1337
1340
1292
1352
1493
1184
1316
1478
1251
1340
1308
1234
1255
1176
1312
1257
1255
1272
1188
1277
1195
1231
1335
1273
1202
1312
1258
1194
1331
1227
1260
1302
1185
1202
1282
1260
1215
1230
1302
1272
1199
1188
1240
1225
1302
1255
1209
1152
1369
1456
1328
1285
1311
1168
1209
1150
1268
1424
1375
1291
1288
1140
1386
1269
1355
1289
1200
1346
1332
1225
1234
1382
1349
1279
1372
1208
1306
1288
1268
1192
1264
1112
1114
1155
1350
1267
1182
1242
1200
1211
1382
1209
1186
1192
1193
1461
1316
1237
1234
1278
1294
1331
1294
1270
1342
1369
1200
1488
1257
1373
1254
1277
1291
1321
1290
1198
1298
1284
1201
1157
1213
1157
1284
1227
1236
1212
1220
1199
1337
1206
1293
1262
1307
1358
1200
1274
1238
1209
1222
1215
1264
1248
1287
1283
1186
1260
1409
1194
1259
1243
1217
1174
1146
1406
1209
1214
1178
1220
1202
1274
1198
1211
1286
1289
1171
1251
1322
1243
1352
1369
1270
1258
1280
1176
1195
1269
1243
1280
1337
1206
1181
1240
1213
1312
1240
1168
1262
1200
1080
