199880
1476
1296
1716
1356
1326
1314
1770
1412
1363
1367
1281
1294
1175
1208
1205
1357
1608
1308
1760
1374
1640
1285
1488
1783
1466
1329
1411
1241
1688
1362
1355
1360
1267
1246
1260
1270
1238
1251
1395
1324
1632
1396
1386
1349
1319
1382
1427
1448
1426
1337
1329
1316
1303
1317
1297
1269
1334
1382
1377
1353
1443
2385
1428
1770
1373
1444
1347
1292
1292
1320
1331
1292
1263
1319
1210
1283
1722
1302
1429
1432
1450
1420
1360
1368
1426
1824
1427
1396
1409
1278
1256
1376
1432
1422
1380
1322
1371
1344
1401
1523
1416
1368
1251
1240
1292
1248
1178
1374
1326
1250
1433
1462
1381
1372
1272
1375
1725
1278
1737
1302
1322
1259
1258
1251
1237
1235
1318
1223
1683
1394
1322
1400
1317
1365
1333
1495
1338
1368
1308
1291
1291
1249
1436
1549
1432
1778
1309
1344
1397
1382
1354
1224
1405
1427
1345
1316
1391
1373
1319
1366
1426
1321
1443
1362
1400
1300
1478
1790
1445
1385
1376
1405
1349
1300
1297
1282
1345
1329
1414
1254
1265
1326
1400
1274
1295
1331
1641
1429
1462
1344
1346
1384
1340
1360
1420
1472
1386
1425
1337
1323
1284
1335
1336
1304
1325
1177
1406
1351
1315
1365
1343
1318
1298
1373
1311
1380
1498
2374
1236
1436
1423
1362
1344
1286
1761
1316
1276
1257
1311
1286
1276
1380
1372
1388
1697
1422
1349
1407
1381
1353
1380
1374
1336
1328
1400
1371
1362
1366
1488
1351
1382
1417
1480
1286
1374
1284
1314
1364
1336
1340
1783
1449
1340
1350
1346
1357
1344
1341
1304
1333
1365
1346
1174
1402
1380
1451
1339
1271
1312
1243
1393
1358
1448
1317
1320
1176
1331
1311
1340
1386
1324
1234
1204
1279
1194
1448
1883
1342
1360
1434
1400
1338
1465
1360
1678
1255
1823
1393
1354
1414
1452
1357
1329
1314
1351
1314
1292
1313
1394
1371
1412
1428
1356
1282
1384
1355
1397
2220
1372
1345
1726
1402
1801
1375
1292
1304
1254
1266
1202
1192
1244
1242
1315
1443
1848
1368
1339
1335
1712
1385
1472
1398
1686
1401
1375
1354
1434
1252
1289
1345
1299
1261
1240
1245
1512
1364
1332
1360
1360
1348
1394
1357
1276
1265
1256
1247
1252
1320
1331
1329
1315
1323
1345
1347
1490
1425
1554
2192
1243
1355
1346
1345
1327
7377
1303
1285
1340
1167
1214
1244
2021
1290
1231
1249
1252
1286
1400
1482
1420
1331
1478
1348
1326
1325
1402
1356
1349
1390
1383
1399
1380
1362
1427
1845
1366
1713
1354
1369
1372
1414
1357
1342
1548
1372
1365
1366
1308
1256
1287
1251
1234
1270
1243
1782
1200
1859
1615
1347
1760
1383
1300
1312
1932
1282
1257
1252
1855
1618
1340
1326
1328
1399
1434
1372
1374
1391
1410
1325
1354
1443
1418
1366
1306
1333
1426
1313
1335
1327
1352
1651
1680
1214
1451
1455
1472
1331
1397
1177
1477
1340
1583
1789
1344
1355
1203
1244
1496
1390
1315
1372
1336
1412
1188
1469
1403
1466
1369
1415
1400
1377
1314
1414
1318
1417
1391
1318
1372
1364
1192
1243
1257
1230
1226
1329
1242
1243
1276
1261
1191
1297
1495
1466
2840
1671
1740
1400
1344
1314
1771
1453
1344
1274
1394
1380
1420
1297
1457
1378
1326
1298
1321
1242
1214
1274
1392
1364
1366
1282
1292
1258
1303
1309
1294
1379
1345
1393
1377
1306
1355
1311
1394
1267
1262
1374
1314
1216
1228
1348
1226
1369
1207
1309
1236
1298
1231
1280
1195
1258
1243
1280
1212
1255
1370
1315
1482
1380
1398
1414
1411
1420
1455
1371
1359
1313
1271
1362
1314
1318
1391
1334
1328
1276
1362
1369
1320
1326
1356
1386
1344
1332
1367
1372
1435
1349
1404
1388
1408
1328
1414
1322
1376
1367
1357
2147
1498
1498
1350
1292
1387
1338
1357
1456
1680
1318
1282
1252
1232
1295
1375
1463
1371
1378
1327
1361
1235
1344
1316
1514
1362
1396
1324
1388
1512
1508
1332
1414
1437
1334
1330
1235
1348
1315
1416
1346
1246
1246
1216
1403
2087
1398
1357
1385
1346
1409
1442
1388
1283
1248
1302
1274
1302
1412
1348
1423
1337
1390
1351
1500
1307
1329
1310
1354
1246
1488
1358
1387
1590
1552
1387
2237
1507
1929
1426
1426
1368
1421
1371
1237
1745
1399
1470
1424
1396
1380
1367
1357
1369
1307
1403
1366
1305
1272
1194
1525
1369
1306
1359
1341
2186
1443
1397
1372
1359
1325
1264
1257
1441
1442
1366
1275
1317
1288
1231
1300
1298
1275
1400
1256
1235
1372
1369
1353
1476
1439
1395
1367
1359
1343
1277
1283
1280
1359
1331
1336
1402
1325
1320
1363
1270
1179
1299
1267
1309
1330
2454
1333
1380
1368
1334
1448
1284
1517
10834
1453
1386
1367
1325
1397
1364
1347
1194
1209
1286
1353
1376
1343
1407
1429
1332
1243
1336
1270
1284
11181
1174
1219
1406
1372
1627
1339
1393
1517
1515
1393
1392
1364
1305
1330
1251
1298
1291
1220
1201
1251
1360
1325
1321
1151
1543
1383
1422
1195
1440
1397
1348
1328
1282
1305
1246
1281
1293
1232
1340
3960
1360
2495
1395
1495
1371
1467
1316
1516
1310
1306
1489
1289
1325
1463
1398
1315
1426
4087
1532
1296
1360
1376
1529
1391
1288
1300
1351
1348
1305
1300
1383
1498
1406
1374
1369
1245
1192
1294
1757
1385
1351
1326
1332
1396
1416
1343
1323
1821
1726
1391
1371
1406
1357
1296
1351
1337
1346
1353
10904
1468
1381
1374
1426
1331
1375
1430
1309
1416
1345
1458
1349
1439
2262
1879
1400
1406
1428
1374
1445
1318
1429
1345
1343
1388
1346
1813
1200
1737
1357
1436
1214
1263
1349
1218
1262
1383
1660
1313
1297
1369
1374
1393
1334
1526
1350
1195
1168
1288
1425
1335
1406
1288
1310
1860
1356
1280
1233
1223
1290
1590
1371
1340
1323
1350
1332
1355
1364
1302
1303
1319
1297
1620
1350
1317
1269
1278
1167
1248
1278
1217
1250
1238
2092
1357
1305
