319212
3681
3847
4015
3934
3849
3780
3947
3718
3936
3416
3917
3553
4241
3441
3392
3995
3453
3942
3069
3750
19560
3816
3880
3489
3780
3640
3753
3763
3405
3752
3814
3494
3349
3918
3700
3810
3630
3683
3957
3185
3825
4091
3753
3763
3745
3595
3608
4142
3589
3780
3792
3529
3946
3853
3658
3733
3980
3566
3820
3574
3794
3600
3701
3617
3794
2814
3291
3950
3749
3806
3720
3802
3865
3638
3710
3972
3900
3848
3960
3499
3471
3755
3743
3011
3371
5134
3703
3407
3698
3816
3540
4148
3717
3887
3978
4338
3734
3960
3343
3747
3924
18440
3807
3508
4107
3748
3398
3414
3140
3602
3403
3326
2857
3775
3433
3412
5095
3483
3853
3393
3739
3637
3777
3814
3501
3417
4051
3820
3871
3526
3726
3875
3547
3806
3931
3720
3432
3511
3729
3745
3543
3814
3999
3713
3545
3590
3417
4052
3574
3912
3868
3486
3822
3382
3118
2983
3315
3595
3798
3888
3525
3654
3374
3385
3643
3465
3012
3529
3595
3555
3521
3399
3481
3015
3710
3382
3467
3930
3913
3854
3859
4376
4027
3936
3185
3589
3753
3645
4059
3519
3998
3174
3007
3054
3690
3366
3360
3970
3356
3636
3472
3382
3180
3598
3016
3980
4095
3945
3664
4122
3601
3919
3984
3604
3895
3180
2994
4303
3698
3086
3449
3066
3986
3682
3514
3463
3431
3518
3755
3566
3505
3018
2992
3558
3465
3930
3933
4226
3431
4162
3464
5239
3832
3583
3614
3541
3484
3118
3670
3363
3668
3704
3552
3347
3643
3793
3787
3861
3774
3880
3850
3891
3670
3659
2997
3567
3583
3473
3936
3400
3974
3391
3582
3492
2949
3590
3463
3695
3545
3870
3818
4035
3639
4003
3843
3647
3480
3628
3952
4092
3603
3225
3703
3632
4118
3589
4157
3614
3828
3682
3520
3836
3806
3482
2834
3546
3685
3392
3995
4094
3252
3480
3383
2840
3427
3182
3877
3337
2891
3260
3687
3799
3523
3627
3577
3616
4168
3398
3431
3086
3449
3725
3834
4149
3520
3648
5319
4720
6853
3953
3408
3873
3513
3649
4145
4298
4530
3757
3810
3400
3930
3520
3447
3618
3611
3443
3538
3699
3491
2870
3695
3674
3358
4565
4240
3258
3817
3745
3628
3661
2857
3640
3511
4175
3770
3434
3315
3513
2983
4114
3311
4200
3640
4231
3186
3906
3856
3701
3971
3105
4006
3426
4008
3446
2874
4171
3710
3573
10858
3480
4031
3526
3847
3744
4098
3974
3772
3470
3349
3978
3819
3892
3813
3516
3715
3868
3952
3603
3804
3315
3324
4175
3833
3866
3763
3740
3651
3865
3067
3880
3887
3780
3750
3843
3948
3893
3587
3914
3386
3775
3636
3683
3872
3777
3532
5745
3722
3393
3357
4343
3489
4154
3531
3896
3983
3450
3825
5460
4017
4274
3900
3845
3825
3034
3595
4511
3610
3865
3507
3399
4205
3558
4043
4020
4527
4136
3836
3622
4200
4259
3912
5500
2965
3403
3571
2908
3712
3412
3509
3902
3587
3860
3829
3618
3903
3547
3481
3916
3699
3423
3689
3595
3813
3809
3388
3991
3751
3602
3939
3996
3912
3794
5719
4014
5295
3858
4050
3991
3521
3809
4086
3642
3679
3882
3535
3782
3886
3539
3754
3929
4077
3040
3798
3418
3722
3789
4029
3947
4070
3445
3300
3988
3651
4127
3450
3972
4123
3952
3954
3643
3593
3634
2779
3649
3412
3534
3548
3020
2938
3716
3779
3377
3447
3497
3450
3756
3162
4273
3729
3694
2911
3235
3451
3843
3525
3941
4200
4129
3537
3354
3420
3555
3438
3538
3416
3529
3439
3509
3696
3746
3748
3815
3532
3519
3976
4170
3666
4180
3748
3534
4257
3627
3404
3577
3632
3555
3602
3451
3400
3523
3417
3758
5957
3285
3722
3844
4060
4192
3789
3631
3372
3622
4001
3665
3791
3735
4488
3655
4055
3469
3588
3400
3197
3826
3622
4013
3700
3098
3733
3624
3550
3272
3571
3355
3044
3517
3282
3864
3687
4503
3732
3609
3634
3283
3620
3643
3621
3715
3702
2835
3638
3369
3325
3900
3535
3324
3357
3868
3520
3445
3608
3708
3828
3395
3437
3367
3678
3704
3200
2863
3743
3020
3098
3010
3345
3626
3255
4272
3659
3937
3448
4196
3589
4005
3574
5198
3616
2882
11254
2860
3886
3700
3557
4095
3739
3646
3654
3722
3751
3283
3679
3545
3479
3332
4474
3546
5789
4071
4344
4444
3568
3651
4042
4101
3425
3579
3531
3778
3508
3982
4125
4442
3622
3662
3702
3774
3584
3893
3780
3431
3510
3306
3475
3387
3631
3743
3426
3137
3192
3705
3540
3451
3731
3617
3563
3827
4295
3652
3808
3498
3373
3442
3137
3537
3684
3669
2994
3460
3181
3608
3153
3621
3445
3122
3279
2955
3621
2844
3701
3713
3587
3544
3529
3443
3556
2948
3632
3584
3374
3558
3621
3403
3873
3646
3460
3665
3425
3794
3878
3515
3502
3349
3340
3481
3415
3623
3564
3440
3640
3482
3940
3620
2800
3045
3574
3024
3465
3475
3328
5189
3717
3508
3828
3398
3434
5292
3037
3748
3071
3676
3356
3448
3689
3594
3863
3776
3466
3556
3451
4485
3518
3619
3888
3742
3418
3487
3493
3612
3360
3231
3750
3550
3600
3646
3714
5020
3000
2932
3066
3160
3013
4204
3764
3465
3732
3782
3134
3546
5726
3368
3634
3430
3817
3545
3995
3876
3621
3633
4048
4011
3900
3763
3815
3552
3840
3650
3782
3075
3660
3095
3375
4058
4201
5864
4012
3655
4218
3903
3891
4144
3991
4012
3730
4143
3891
3617
3967
3976
4240
4092
4107
10348
3917
3837
3831
3959
3911
3986
3852
4062
3784
3920
3371
3265
4089
3765
3847
3722
3565
4112
3310
3802
3687
3770
3651
4000
3780
3900
4032
4125
3517
3981
3293
4220
3960
4581
3783
3680
4000
4196
4030
3328
3832
3651
3756
4014
3678
3428
5100
3657
4013
3485
4081
3400
3874
3675
3124
4264
6858
3558
4160
3965
3894
3483
4689
4415
3841
4175
4136
3851
3990
3125
3240
3860
3744
3880
3977
3970
3813
3900
3832
3555
3032
4031
4124
3975
3263
3939
3419
