229848
7534
8165
7043
17834
6784
8350
7043
6403
6792
6666
6300
6441
6175
6443
6371
6337
6450
6463
6754
6713
8020
7159
5646
6399
6119
8646
8227
7689
8009
7012
6005
6326
7160
6756
7531
7366
6402
6405
8565
8874
8972
8050
8438
6959
8189
8035
6593
7998
6443
6880
7040
6724
5974
6440
9136
7361
6689
6051
6512
5506
6679
6094
6653
9603
6696
7515
5674
6197
6824
5041
7548
14120
6641
6758
6094
6093
6076
6004
6652
8483
6031
6269
6067
7580
7077
5969
6697
12523
6463
7130
8917
8074
7815
11214
8652
7617
8468
8115
7735
7255
6234
6147
6342
6572
5976
6931
6837
6675
13284
6117
6460
7006
6875
6231
6067
5933
7408
5364
5331
5842
5525
6005
6167
8255
6115
6543
7422
8085
6291
8421
8478
7985
6927
6610
6835
6212
6536
6372
6243
6198
5957
5593
5776
5797
6540
5845
5806
6393
5312
6146
7457
6143
6269
6224
6363
6290
7063
6586
6286
6180
6298
6221
5340
7236
7171
6834
6603
7052
6770
8199
6998
7545
6894
7005
6647
7011
6934
6486
7580
6487
6076
9889
6746
6203
6006
6068
5997
6587
6069
6172
6880
6295
5304
6689
6123
6437
6362
6046
7527
7205
6263
6105
6623
6524
6041
6080
6040
5764
6090
6512
5859
5758
5997
6578
6073
5761
6206
5175
7124
6191
6163
5289
6214
6401
5968
6662
6820
5780
8009
6456
6843
5831
7277
5874
5637
6468
6756
5598
5249
5837
5988
5590
6171
6634
6050
5979
5116
6206
6320
5127
6139
5705
5599
6075
5092
6160
5924
5803
5984
6250
5580
5869
7494
6289
5475
5800
6030
6068
5794
6743
6632
6054
6237
6240
5723
5944
5784
5767
6230
5749
6362
5591
5825
11312
5284
5951
5913
5686
7511
6031
5841
5940
5783
5352
6070
5998
6067
5858
6095
6067
5845
5383
5998
5653
5989
6003
6626
6223
5831
6482
6307
6009
5814
5681
6680
6110
5448
6220
5857
5889
6023
6032
6029
5751
5743
6129
5871
5256
6040
12693
5692
5978
5952
5821
6765
6280
7645
5960
6043
6163
5687
6149
5224
5772
5677
6134
5845
5857
6198
5721
6962
6743
5718
5808
6377
6754
5786
5763
7480
6806
6479
6529
5293
5934
5577
5526
6062
5811
5720
6442
7446
6645
6563
5907
6264
6602
6618
6120
5673
5503
5660
5308
5982
5774
6009
5230
5658
6205
6023
5761
5828
5513
6320
6130
5154
5811
5549
5685
6138
5988
5227
5836
6206
6420
6082
5693
5718
6066
5958
7045
6037
5946
6017
5858
5776
6077
5609
5362
5781
5713
5594
6215
5778
6720
5642
5735
5705
5551
5567
6413
5882
6271
6183
9949
5237
6622
6379
5947
6018
6045
6028
6492
5860
5842
5765
6268
5647
6000
5744
6196
6026
6029
6376
6144
4898
5781
6198
6195
5805
6251
6320
6847
13477
6191
6236
5910
5701
5874
6000
6050
6104
5809
5606
6354
5711
5907
6852
6569
6487
7831
9180
7152
6633
7790
6386
5720
6335
6039
6163
6424
5958
6437
5770
6064
5720
5654
5016
6294
5940
5618
5964
5485
6040
5930
6834
6120
5727
6166
6234
6174
6083
5942
6581
6057
6228
5751
5850
6336
6132
5766
6037
5808
6000
5308
5886
5242
6465
6380
6780
6013
5814
6240
5706
5434
5944
6045
6232
6317
6344
6442
6497
6374
6048
5300
6160
6040
7320
5716
6446
6674
6202
5312
5990
6131
5828
6251
6045
6067
5640
6122
5748
6123
6221
5813
6254
6113
6260
5942
6869
6366
6284
6786
6157
6457
5704
6986
6993
7262
6346
6888
6430
6552
5080
7248
6150
5958
5460
6066
6529
5700
6720
6245
6383
6922
7010
6308
6624
6666
6600
7193
5818
6007
6165
6061
5683
6301
5851
6582
6057
5940
5797
5091
6636
6488
6426
23382
6343
5600
6104
7067
6422
7311
6150
7055
6542
7588
7474
7471
6398
7233
6644
6791
5820
6264
5970
5910
6237
6122
6217
5753
6810
6218
7019
5938
6275
6667
6316
6297
6549
6443
6647
6028
5838
6128
5789
6180
5996
6283
6729
5766
6011
5597
5789
5814
5929
6465
5748
6252
5980
6027
9658
5965
5690
5599
5767
5720
5606
6567
5888
5847
5737
6204
5645
5925
5718
4920
6198
6209
6047
5360
8995
6037
5705
5955
5847
5609
5779
5856
5638
6237
6166
6243
6514
6332
5635
5991
6172
5995
6312
5971
6542
6132
5491
6403
6039
5807
6029
6282
5020
5770
5777
5856
5827
5351
5913
5799
6002
6127
5938
6158
5495
5808
6491
6740
6014
6116
5699
6037
6385
6362
6719
6565
7538
6797
6571
6436
6369
6640
7068
6409
6108
6340
6855
6340
5974
6140
5634
6111
6124
6126
5641
6267
5985
5764
5911
6058
6338
6360
6153
5446
5923
7195
6332
6981
5247
6009
5931
6145
5712
5810
6139
6234
5872
6579
5780
5646
5687
6138
5825
5688
5570
6463
6028
6219
5796
6122
5789
5753
5298
6368
7574
5579
5721
5823
6345
6037
6566
5861
6086
6182
5571
5974
5440
5706
6466
5738
5881
6224
5514
5882
5911
22912
5819
5663
6043
5971
6232
5479
5806
5645
5939
16609
6028
5029
7558
6518
6165
5766
6616
6556
7082
6543
6754
6147
6555
6613
6279
6407
6054
6080
6830
5897
5534
5925
6373
5769
5935
6092
6173
6114
6271
5940
6232
6097
5755
6177
6130
6658
5983
6704
6636
6523
6320
6248
6355
6337
6615
6695
6342
6198
6202
6111
6946
6235
6666
6917
6092
6274
7090
6612
6117
6539
5659
6748
6251
6627
6579
5925
6399
6060
6138
5213
5875
5147
6314
6505
7258
5832
6231
6236
5507
6333
6713
6420
6236
6343
6169
5165
5685
5857
5772
5886
6392
6033
8086
5823
6242
6257
4885
4976
6114
6055
6589
6595
5133
6451
5984
6794
6743
8337
7690
7598
7335
7096
6234
5932
6672
6363
6740
5966
6357
6240
6132
6155
6086
6544
5812
5862
5705
5959
5727
6431
6011
6942
6106
5834
6495
6550
6353
6215
6306
6124
6382
5996
6178
6305
5795
6319
5687
6260
6047
5663
5761
5736
5869
6661
6143
6305
6008
6330
7044
6356
6106
6340
5779
6743
6052
6326
6102
