305504
8839
9086
8863
8478
8674
9749
8973
8328
8100
8685
8478
8108
8615
9948
9894
10185
10326
9620
9713
8718
9091
8501
9011
8480
9184
10303
9367
9823
8868
8739
9189
9376
8649
7851
8383
8859
9560
9052
9174
9084
8840
8096
8743
9142
8702
9149
8343
8073
10372
8568
8040
8506
8375
8847
8925
9445
12446
9387
8887
10477
8403
9275
8674
7654
7749
8123
7983
9210
9131
15240
9518
9774
9606
8273
7954
9303
9068
9291
8493
7874
8531
9230
8575
8473
9702
9940
9960
8024
9145
8716
8088
8722
8282
7366
7546
7612
8464
10423
10442
11975
9068
9359
9331
9095
8842
10218
9846
7390
9320
8389
9415
8606
8854
7758
9146
8963
9384
17740
10655
9310
9965
10994
11020
10292
9840
9308
8683
24071
8886
9176
10127
8891
10533
7837
8267
8682
7226
7529
7392
8045
8721
8946
8794
8052
7546
8934
8182
8783
8984
7969
8398
9003
7280
7720
9042
8386
8887
10326
9551
12418
9306
8020
9334
8614
9373
10246
9239
15181
9494
8918
8262
8779
7492
9132
8372
7802
8561
8912
9028
8225
9064
7390
7699
9075
10195
9327
9451
7986
8691
8814
9786
8532
7862
8671
9263
9441
9128
8917
10264
10331
9788
9380
8109
9402
9105
10338
9160
9766
9049
13086
9740
8390
8568
7864
7791
8700
10150
11438
9589
8226
8433
8880
9559
7956
24937
8803
9324
9352
10163
8176
9166
7766
8548
9677
9972
9160
10111
10084
11977
9560
10818
10850
8718
8460
9089
9069
10603
14681
10905
9925
9404
8534
8989
9616
9620
8380
8764
8821
8843
7831
9031
8854
8567
7897
7850
8930
8106
8909
8165
9900
9297
8780
7817
9155
9152
8692
9283
12897
14317
12681
20140
11150
9956
10577
9983
10414
8462
8760
9332
8315
8505
9151
8683
9586
14532
10015
16157
9823
9749
9657
9302
8258
8753
8923
9198
8582
8962
9760
8206
8058
9517
8340
8078
7991
8037
9310
9536
8640
15426
8224
9108
8154
8978
8651
8571
8206
8428
8561
8577
14173
8810
9108
8402
7671
7413
8106
8846
8167
8102
9104
7544
7132
8541
8089
8700
8638
9233
8509
8262
8909
8372
8185
8360
8444
8814
8093
7908
8547
8445
8262
9596
8982
7855
8279
8115
8431
8875
8627
8688
9482
8627
8776
8994
8578
8597
10397
11760
9166
9797
8914
8414
8573
8150
12215
15514
16221
12000
10206
10252
9531
11292
8030
8632
8938
8161
8745
9635
9015
8085
8828
10277
8352
13364
10217
11134
11129
10522
9555
8929
15264
9241
9352
8295
7788
9058
8374
9004
9209
8333
8897
8539
9261
8890
9193
8685
7971
8537
8914
9068
10373
10107
10216
8874
9436
9548
7772
7737
8436
9923
9103
9899
9252
9343
9854
9503
9955
10645
8263
9640
8462
8932
9923
24585
8918
9033
8455
8713
8189
8372
9627
10068
11237
9536
15109
11709
8653
9534
9774
12923
10211
8637
8934
8130
8996
8286
8554
9078
9498
9166
7684
9635
7789
7891
9244
8661
9700
11044
10517
10811
10316
9278
9411
9597
8511
8145
9335
10924
8032
9420
8723
8438
9017
8729
9648
8129
8726
9299
10300
9905
10240
7503
8417
9284
9094
11114
9742
10406
9267
7990
9057
8491
8523
8817
8329
8940
8434
7602
7740
9826
7711
8523
7962
8960
8394
9069
9629
9273
8752
8600
9201
8889
8845
10516
10861
9113
9565
9155
8743
9446
9912
8564
10111
9691
9606
9369
9555
10180
9562
8126
9380
9820
8870
8649
8684
8714
8682
8417
8641
9020
8380
8494
7409
12052
8624
9262
8721
9212
8877
8983
8626
8654
8851
9049
8186
8501
9491
7834
9699
9502
8980
9986
8211
9592
9279
8831
8338
8597
9195
8204
8560
8434
9023
7554
8670
9769
10171
9662
8469
12370
9338
8340
8420
8619
9568
9154
9324
10434
10080
9668
9690
8509
8961
8373
8436
8452
8516
10068
9008
7908
7434
7540
8452
6829
9486
8054
9015
9963
8674
7623
8183
11127
8591
9034
8220
8225
14793
14513
14880
11722
11309
11211
8360
11807
11685
9950
8886
11520
9895
9122
9216
7988
9129
7895
8337
7337
8821
8834
8848
7868
9129
9726
9100
9610
10308
9850
9126
9023
7550
8629
7035
8700
8717
8884
8672
8460
8534
7181
8926
7645
7928
8183
7926
8087
8379
7469
7636
8589
8101
8598
8181
7950
8263
9465
9201
9052
9210
8252
8587
7395
7732
8326
8169
7605
8153
9194
8370
8563
9399
12371
9866
9296
8805
10976
9703
8647
10060
9582
9964
9467
9267
9629
7976
8906
8958
19473
9060
8151
8395
7898
8183
9034
8211
8848
9180
8969
7664
8971
9152
13713
9044
9103
8317
8801
8394
8109
8533
9320
7848
9193
12112
9100
9818
8014
8511
8583
10264
8936
14624
9037
9150
10176
8488
8394
8308
8614
8828
9794
8278
9024
8685
8760
8780
8640
8320
8820
8775
8179
8223
8784
9386
24256
8894
8973
9352
9381
8643
9609
8384
8746
8044
8912
9874
17300
9617
12347
24824
9922
8652
9906
9045
8834
10303
9803
9331
8222
9459
9480
9858
8162
9548
8617
13865
7415
9602
9144
9080
8626
7901
8164
8303
8599
8183
8746
8441
10581
12033
10700
10594
9883
11123
9294
8735
9989
10227
9753
8814
8312
8234
13535
8363
8325
9352
8532
9118
8898
8473
7790
8127
8535
8328
9074
8609
8569
9452
8074
8545
12878
8090
8988
7812
8153
8934
9583
8526
8104
8711
8320
8557
8614
8458
10791
9405
10641
9201
9576
9196
8296
9405
8720
9855
10005
8937
8810
8225
7860
8097
7835
10759
11236
11386
9816
8937
10189
9865
8678
10206
9178
8620
9940
10986
9972
10328
8057
8269
9017
8192
8519
7930
8503
8263
8706
8760
8376
8290
9492
9430
9534
8303
7994
9514
9115
7851
9395
8790
8511
9296
9027
9534
8873
11378
10135
9295
8531
8618
8873
8863
8814
9551
8770
8492
8700
9708
9851
9737
8725
9566
9022
7672
9324
8233
8677
9614
8696
7817
9214
10535
9087
9120
12340
27497
8983
16075
9064
8322
10235
7752
7341
8116
9634
9025
8697
12035
9898
9748
9895
8905
10052
8040
8522
8245
8412
8012
8862
8652
11146
8739
8232
8537
9449
