22295
4849
5013
4760
6266
4646
4548
4680
4655
4658
4581
4783
35280
5376
4625
4752
5230
4716
4425
9031
4679
4803
5054
4681
4643
6141
4774
4725
4688
4900
4508
4590
5040
4592
5031
4671
5102
4878
4931
4880
4800
7211
5966
5010
6411
4803
4857
4520
4657
5068
5489
5861
4965
4591
4712
4554
5412
4594
4797
4709
4733
4782
5510
4640
4926
4639
4799
4633
5038
4535
4883
4764
4810
4660
4980
4511
4624
4554
4694
6704
4872
4635
4783
4806
4653
5000
4517
4589
5059
4598
5051
4805
4812
4946
4784
4818
6485
4538
4716
4427
4911
4580
4541
4622
7496
4832
4764
4873
7095
4725
4927
4571
4714
4711
4869
6924
4855
4608
4534
4917
5279
4800
5675
17007
4753
4679
4896
4114
5663
4544
4741
4781
6769
4842
4608
5107
4500
4548
6837
4634
4503
4755
4646
4561
4726
4925
4697
10487
15006
4496
4823
4500
5116
4506
4654
4669
4757
4697
4666
4674
5178
4797
4575
4545
12465
5230
4760
4724
5251
5133
5893
4874
4918
5177
4689
6115
4840
4520
4986
4929
5103
5391
4639
4701
4694
4457
5135
4753
4947
6237
5020
4637
4942
4831
5185
5158
4949
5004
4469
4757
4889
4880
4777
4842
5558
4780
4924
4792
4670
4567
6580
4729
4765
4941
4545
4828
5549
4774
4640
4792
4920
4900
12672
5206
4819
4585
6009
4828
4300
4616
5019
4655
5060
4789
4883
4758
4785
4580
5461
5056
4999
5016
4971
4429
4785
4866
4929
4692
4920
5770
4871
6755
5052
4811
5433
4767
5078
4686
4771
4612
4596
4710
4772
4640
4636
4575
4913
4902
39348
5188
5346
8298
8306
4503
5683
7866
4996
4756
5781
5262
5322
4902
