4821
2700
2891
2987
2739
3826
3213
2974
3275
3148
2724
2565
2504
2402
2708
2900
2739
2597
2768
3248
2944
2744
2745
2793
2720
3060
3243
2861
2482
2673
3291
2796
2766
2809
2466
2780
2816
2942
2774
3429
3108
3119
3293
2785
3334
2780
2630
2946
3282
2820
2626
3611
2717
3164
2955
2727
3615
2922
3191
3406
2771
2117
2569
3263
3000
2888
2737
2853
3040
2981
2600
3273
2526
2381
3028
2516
2472
2309
2310
2516
2480
2464
2973
3185
2540
3220
2751
3120
2937
2787
3094
2867
2756
2726
2832
2591
2612
3381
2821
3140
3188
2411
3183
2914
3472
2874
2569
3411
2967
2791
2774
3361
3036
2896
6569
3191
2892
2823
3157
2890
2960
3191
3462
3335
3125
2885
5382
3500
3112
3089
3534
3124
2877
2467
2726
3237
3057
2679
2988
2798
3353
2828
2726
2538
2949
2826
3334
3030
2966
2811
9210
3360
3503
3708
2715
2366
2736
2710
2546
2760
2720
2679
2442
2548
3044
2806
2173
2257
2385
3149
2813
3324
2887
3402
2680
3274
2796
3338
2193
2844
2768
2472
2567
2732
3419
3150
2830
2857
2358
2857
2863
2799
2829
2900
3095
2651
3261
2823
2589
2688
3346
2889
2755
2971
2694
2806
2782
2638
3292
3146
2815
3045
2962
2820
3147
2869
2732
2816
2803
3106
3060
2712
3077
3022
3005
2825
2700
2632
2514
3067
3169
2991
2790
2738
2809
2934
2820
2635
2648
3382
2752
3182
2744
2704
2740
2897
3022
2823
2654
2630
2940
3177
2780
2869
3231
2911
3394
2967
3166
3018
3100
2705
2863
2952
3136
2997
2427
2380
2590
3197
2963
2801
2434
9949
2875
2665
2706
2400
2578
2457
2600
2054
3395
2861
2698
2300
2474
3111
2688
3603
2815
2609
3097
2597
3435
3229
3154
2846
3616
2974
3663
2760
2688
2637
2325
2892
2578
2417
2913
2518
2714
2593
3515
2836
2458
2548
2448
3295
2908
2949
3108
2520
2363
2465
3122
3054
3200
2852
3098
3114
2739
2615
2493
2840
3299
3462
3137
2798
3077
3404
3106
3332
3211
2935
3078
2992
2549
3112
2654
2533
2505
3413
3126
3572
2732
3229
3663
2886
3224
3033
3078
2754
2800
2626
2481
2555
2898
2528
3280
3300
2720
2838
2396
2473
2587
6335
2489
2949
2504
3058
2834
2811
2501
2368
3111
3068
3232
2854
2400
2951
2542
2234
2268
2224
2337
2258
2307
2164
2838
2379
2280
2331
2581
2201
2312
2204
2827
2283
2480
2397
2772
2446
2167
2836
2990
2700
3282
2920
2846
3100
2845
3107
2734
2760
2455
2460
2631
2186
3015
2475
2301
2271
2282
2315
2370
2137
2934
2595
2216
2186
2170
2351
2298
2332
2636
3076
2762
2717
3057
3395
3514
3321
2777
3160
2753
2995
3206
2738
2542
2648
2648
2538
2523
2671
3247
3150
2687
2585
2803
2978
3025
2729
2807
2527
2708
2566
2905
2605
3310
3240
3179
3116
2931
3290
2818
3324
2881
2618
3403
2955
3120
2743
2820
2550
2745
2864
3093
2942
2723
2449
2499
2458
2509
2660
2655
2204
2532
2504
2522
2536
2547
2671
2363
2720
2603
2564
2497
2617
2706
3365
2934
2638
3095
2778
3143
3204
2863
3306
2758
2660
2678
2277
2692
2642
2653
2568
2524
2656
3097
2762
2612
2542
1811
2233
2309
2340
2307
3143
3103
2649
2655
2887
3093
2903
2772
3432
2640
2582
2631
3694
3012
2991
2892
2600
2760
2489
2635
2563
2623
3102
2958
3183
2680
3114
2514
2996
3603
3254
3014
2945
2544
2980
2674
3178
2482
2660
2863
2566
2374
2627
2226
2187
2471
2386
3011
2511
2491
2695
2989
2737
2220
2488
2600
2567
2887
2963
2328
2690
2815
2707
3177
2367
2606
2392
2611
2963
2242
7174
2357
2626
3260
3152
3128
2791
2797
2900
2480
2734
2638
2793
1387
3007
2978
2585
3508
2983
2748
2758
3222
6453
2794
2568
2624
2581
2412
3117
3001
3056
3362
3122
2851
3701
2891
2897
2908
2707
2706
3263
3002
2880
2976
2927
3323
2294
2819
3037
3004
2276
2326
2959
3046
2879
2460
2359
2429
7058
4371
2945
3013
3974
3563
3501
3280
3633
2772
2406
2664
2679
3287
2787
3704
2757
2451
2919
2979
2639
2654
3109
2555
3000
2241
2439
2623
2373
3004
2515
2995
2621
3441
3210
2723
2540
2961
3177
3235
3305
3131
3106
3035
2560
2066
2002
3379
2791
3041
2979
2807
3056
2744
3295
2777
3321
2976
3553
2958
2554
3242
4664
3023
3506
2866
2958
2782
2839
2917
2703
2699
3309
2857
3493
3262
3174
2647
2757
3094
3207
2782
3194
3172
3245
3018
3644
2933
2620
3255
6885
3301
3166
3328
3138
3248
2738
2845
3094
2614
3184
3017
2726
3390
2714
2943
2657
2487
3538
2851
3148
3083
3094
2516
2559
3276
2746
4149
4149
3672
3371
3540
3005
3498
3681
3621
3683
3254
3778
4325
4159
6606
3223
3809
3172
3449
2768
3553
2990
3075
2914
2866
6332
3261
3174
2820
2420
3108
3409
3109
3138
3133
3182
3488
3053
3037
2744
3003
2970
3130
3082
2858
3227
2645
3746
3478
3266
3284
2400
2878
3026
2850
3052
3081
3046
3359
3138
3613
2912
3016
2876
3082
3185
2938
2970
3327
3109
3081
2673
2960
2714
3037
2756
2959
3486
2808
2933
3124
2773
3122
3484
2642
2726
3248
2919
2645
3324
2825
2795
2942
2717
2701
2919
2935
2841
2508
2588
3373
2618
3320
19489
3361
2910
3119
9415
13530
3452
3060
20997
3383
3284
3537
3149
3273
3249
2739
2867
3261
2987
2742
2636
2934
3196
3486
2780
3354
2858
3237
3389
1986
2841
3532
3432
2857
3307
3198
2559
2288
2094
2311
2327
2620
2728
2073
2184
3922
3061
3634
2746
2563
3679
3107
2738
2653
2573
2849
3065
3332
2895
2532
2716
2683
2894
2694
2739
2726
9437
2831
3130
3185
2908
3037
3127
2764
2971
2534
2736
3132
2320
2712
2762
2540
2698
2652
2683
2489
6517
2933
3325
3002
2738
2540
8073
3438
3199
2772
3266
6823
2628
2814
2468
2510
2733
3169
3732
