52822
10246
6960
9851
7632
7706
10215
7870
6900
44718
6568
8107
7881
8188
10454
9406
58521
47516
8647
12953
11994
11411
8846
9579
8418
9384
10597
7800
7145
8022
6869
10108
8249
7482
8936
9968
8686
15249
15198
9811
8885
8878
9155
12125
7229
13877
8372
7702
23567
15597
8724
8949
8145
6856
9300
8480
8199
9295
11358
7224
8558
9975
38738
7532
7248
8259
8162
6820
17200
33323
14350
9480
8646
8883
8907
8796
9443
9967
8384
8837
9960
9258
8658
8339
7774
7260
8465
8900
8640
10577
7980
8200
10073
33837
9762
7315
26915
12811
7868
11282
19017
7804
9539
7497
7956
8666
9320
8527
8782
8957
8694
28131
9936
8226
7672
8544
8760
9442
12738
7446
7682
8954
7739
37186
8431
6702
8198
7213
38037
7278
10621
12633
6898
7271
8280
7150
10652
7332
42740
9180
7176
18749
24673
8333
8285
10043
7786
7675
27933
9066
19522
8960
10782
8832
7300
31170
7497
9697
14233
8688
9462
8811
7440
9595
8874
8726
9522
12587
10909
6437
7421
8801
10825
7480
8200
7782
10363
8472
9478
7917
9280
13883
8600
17287
7144
8902
8513
7868
8765
7493
8074
8009
7704
6897
8589
6261
8184
7383
6519
7148
5646
12929
8455
7912
31660
7134
8419
10926
7729
8174
11658
9867
39952
13648
8008
8476
7457
8364
7849
10966
7222
6708
7710
8065
7524
6709
7235
7716
28209
8181
7573
8751
7801
13891
6235
7905
7364
7305
6994
7882
8733
7786
22938
8029
6959
7404
10769
7322
8924
8402
7483
8361
8650
6720
8386
7408
7809
6570
7919
8422
7507
7688
8949
6946
7538
7804
7268
7037
10586
8216
8417
7406
8280
22107
7204
12969
7104
12836
7746
7505
10101
7025
8946
14106
8030
10024
8135
7980
9027
7293
6971
7785
8978
10248
7671
33477
7622
8307
8241
8025
9035
9252
7783
8287
7571
9989
7932
9369
7983
8040
7333
7163
7700
7473
38676
27177
7394
8048
10530
8523
11685
8992
12016
7786
8549
8875
10602
7240
8337
7147
9366
9350
25117
8458
7562
10967
8792
8582
8302
9656
9372
8240
14201
7584
8200
9231
16209
8689
8021
8911
7714
8435
8911
9065
11875
10630
9105
8466
8086
8680
9724
10065
8385
10547
6807
9579
7658
7840
9251
