49659
6974
6634
9666
12830
8612
7640
8905
8778
7211
8530
10004
9531
8800
8794
8273
10514
15734
13396
9709
26304
9626
9246
12040
13896
8675
9769
8377
8064
8830
25215
8386
8360
8671
8916
7631
9000
7988
25078
21882
8958
9051
9289
8791
8445
9280
8693
8371
9710
9161
8303
9487
9409
16773
13189
8652
7310
8804
9646
8145
7464
8791
8538
25393
7940
7478
9094
8607
8974
16869
8946
7913
9226
7636
8759
7825
11958
8674
9491
7311
41708
9949
7862
7697
9753
9141
8009
11321
8104
7900
41961
8309
12186
6867
8574
17409
11493
9322
10778
12584
7490
8900
8172
9790
8118
7973
9844
9326
8323
29052
9834
26506
10567
8716
7694
17312
24950
9492
8791
7059
9108
8748
11051
9294
8651
7759
11911
8563
8075
9025
8923
7240
10513
20270
17283
7830
10708
7885
7722
7861
8581
9377
9217
9925
10131
9277
8647
9457
21690
9991
9820
12113
9525
8632
9303
8666
8040
8157
11306
8768
8546
8181
10772
8564
8546
8327
13429
6750
12905
7671
10625
25672
7552
9081
10644
9006
9217
8763
30100
8820
25215
7920
7889
7403
9025
18999
22080
9924
8446
9318
8430
8263
7852
7116
8349
8983
8680
8180
8305
10326
8929
9856
27119
12657
9416
9737
9222
9060
8809
8342
9033
8938
9256
11863
13574
6235
6157
13124
7200
6102
7849
8031
9706
8518
5774
13134
7817
7022
11748
7842
7915
6289
6594
6870
6071
9237
6726
7967
7467
12780
9005
7865
10098
8531
7393
9069
8468
9654
8785
9836
8547
9392
10261
13735
7364
8845
29262
8490
10366
10980
9206
9636
9887
10172
10230
11518
8692
8729
11877
8204
10858
8476
12553
9902
38824
9485
7617
8487
9234
36863
8026
10681
8261
9092
7599
9600
7853
8919
13046
9986
26580
39250
35772
9855
24295
9271
11912
6665
8871
6085
7817
6784
6504
7767
8252
7460
8997
7198
5686
8277
33338
9073
7865
7417
7243
7450
8086
7928
9074
