26567
21934
6580
19046
8102
9433
6891
7726
11284
11866
10207
7695
6235
10760
9850
8754
5838
6787
7177
8893
7092
10369
19095
7973
6558
6735
20664
6803
7862
6937
6463
11780
8887
7571
5858
10094
7228
28697
6615
6960
7374
17640
5834
10058
12133
7692
7608
8110
6651
9100
7240
7260
6327
7004
7482
6925
7690
10243
6703
12315
7468
6783
7580
13671
6706
7416
10411
6373
6761
10694
8613
7148
12136
17698
6934
22989
8854
7009
6385
8237
36314
64836
8171
6530
7986
8140
6476
7846
7426
6565
6200
6860
7022
6678
6838
5694
8867
7522
10487
7130
8103
10475
8175
9270
7585
8781
9634
9268
10943
8779
31327
10244
7155
6812
24442
7882
12137
8393
12951
6869
6113
6607
8213
6411
7306
6702
10342
7302
11451
7309
7204
6341
7567
7935
7411
7035
8387
7794
6491
7035
7091
6224
6698
6826
6581
6216
6453
6460
11191
7568
22254
11666
9433
25566
7935
8423
10109
10049
19057
8449
10119
35661
8587
15620
11659
18490
12796
8152
12134
10109
30868
9103
9109
11014
8927
12429
9304
21487
12091
9887
10546
8953
11820
8943
11758
10402
9169
11454
8078
15010
10781
10314
8343
8218
11489
37366
11452
9283
9538
8983
9272
9163
13918
29260
8300
11304
12953
10436
8693
8069
12166
8895
8926
8406
9229
26841
9056
11030
8603
35222
12802
13492
9070
7854
10307
7995
33435
9461
10186
10931
14841
11324
10924
9647
8168
27499
29758
10850
8454
8353
10425
8444
8091
8511
12101
13417
8862
7669
8733
23709
11103
9234
9819
8958
7894
9596
10334
12315
11905
8139
22860
7678
18383
8998
8840
8957
8289
9072
7593
10583
9863
9980
9465
8574
8769
9611
11112
8523
7843
8182
8423
93363
10620
9081
33880
11423
10211
9060
10229
10329
10548
9155
12110
10196
9525
9604
10714
8941
8122
13292
11529
9626
10187
9123
9216
9864
10696
13024
39633
12239
8260
11037
14044
8938
9337
11578
29351
8186
11443
8855
9127
9592
14299
8445
8161
9162
9040
9774
11413
7854
8333
8074
39741
8229
8106
11909
9161
10454
10741
9816
9669
10515
30990
11432
11906
9365
36308
9231
9191
10088
11245
35380
8917
9762
12594
11133
9582
9314
9740
8702
8290
31608
8435
12889
9546
9257
8260
9195
12737
8758
8767
8852
8521
8702
19962
11371
8340
30185
9300
9271
9300
13659
30403
32704
11140
7655
9031
32620
8375
8795
21284
7989
8810
9238
34249
8722
10537
10157
24542
10441
8767
8474
9693
11320
9211
8898
8027
13606
8442
8747
8873
9533
21358
9224
20267
9444
11296
37529
8525
9677
7861
8760
8863
8998
7125
7042
7737
7454
6365
6774
6703
7591
8672
8958
8491
10848
8957
30687
9743
41990
10389
11720
10624
20590
11795
9321
8773
8967
9704
33300
8972
8243
24052
8963
15009
8453
11296
9692
10421
8378
10213
9427
8599
8685
11591
8864
8487
9402
8100
9093
9614
13807
12863
7057
7984
11011
39175
