26622
23115
25726
22394
23197
36874
27292
23982
28801
23822
22560
22857
22500
22034
22391
26676
23702
23204
23692
26585
22669
23471
23468
27273
23138
26357
31909
23469
22635
23156
26506
22964
23554
23022
22144
23660
25140
24182
22870
26657
26380
23329
25865
23371
27746
22340
23177
26308
26692
23412
23304
31679
23450
31100
25616
24190
27354
24078
28229
31862
27388
21822
28921
30168
27667
24512
22953
26820
25642
26046
22578
25804
21444
22338
25171
22450
22030
21618
21857
21828
25360
22809
26194
28183
21411
25741
22076
34378
22597
23388
25922
22232
22808
22689
22000
22645
24277
26404
25026
25560
24632
21930
25581
23748
30374
27026
22740
25848
22837
22289
22867
24502
23176
22368
49908
25210
25262
24100
24458
25294
24525
24429
29500
30771
25328
24414
44364
27437
25558
30346
26657
26829
25111
22640
23409
31349
26386
32433
26923
23890
27069
24053
23542
24514
27338
26758
27197
26844
26006
23304
58477
27593
27926
27761
22910
20931
21452
21377
21608
27784
22412
22260
22452
22311
28882
22964
22131
22974
22740
25533
22490
31126
23640
28546
23102
25476
22897
26224
20400
23680
23388
22293
20482
21547
26172
23457
22358
22366
22478
22645
23113
22486
22474
24099
23206
22920
25590
22140
21961
22180
29769
22878
22220
24659
22879
22048
23536
23488
25391
26607
23263
25705
25933
23274
25383
23164
23175
25116
22364
25480
25206
22543
26020
25694
24055
22680
22741
22250
22619
25162
24982
22625
26474
22755
22692
24974
23071
22181
22231
26101
22616
28463
22638
22253
26520
23466
22648
23562
22042
25940
29657
25887
23166
23438
24519
23268
24623
23613
27952
25456
25217
39172
24577
25327
25362
26828
22837
24465
24526
25823
24919
24722
21907
71620
25125
25324
24830
30215
23925
23271
23404
22224
27519
34348
25983
23484
24362
27885
25781
28477
24534
24700
31200
24154
27989
26663
27651
24663
33865
26925
36581
24152
23782
23544
23323
27288
23956
23893
26098
27368
28231
22821
28355
27317
24064
23723
22943
26975
24458
26964
26704
23898
22614
22911
27827
24587
27582
27536
26540
27564
24554
23709
23534
27244
27223
28057
26685
24160
23198
27697
24706
30162
26700
28408
27106
24414
739135
27581
23858
23641
23657
33040
28025
36967
24680
30780
27662
24651
27355
27091
24925
25076
25260
24984
24217
24853
26764
23269
26214
28448
24526
29364
23814
27967
24720
42632
21746
25080
22543
25283
23324
25107
22780
23283
25468
25960
28093
24985
22063
26896
21385
20897
22796
25198
21609
21781
23108
21842
24129
21914
21516
27095
21558
21389
21673
21680
26413
22822
22961
22603
26215
22198
21852
25957
55369
24656
25420
25698
24520
25450
22988
25361
23316
25180
22072
22345
1866007
1798363
1687790
2162297
22258
21803
21834
21190
21651
21250
25131
28741
21949
21651
21629
21100
21795
21736
21020
24951
33329
24908
24816
27130
26700
26745
23514
24520
28466
28390
25721
22458
23042
22933
22151
21567
21446
22335
25047
25832
26793
22087
22424
23336
25832
23656
23157
21913
23392
22420
22292
21739
26386
26648
24620
1356082
22920
26914
22593
26551
23508
22325
25660
52406
23943
23624
21525
27814
21769
24129
25839
31414
21952
25602
21346
19912
20455
21009
21642
21131
21489
21967
21973
20947
20620
21346
22003
21216
22508
25457
21109
21568
21261
25627
22233
20509
24769
21354
25626
25772
22682
24832
23010
21100
20761
21420
21343
21531
22340
21920
21148
21371
24745
21551
21326
21838
26647
22418
21400
21920
21590
31890
26262
22583
21923
25254
28809
22342
24149
32318
22478
22342
22504
31312
23250
25030
23667
21720
21775
21015
22200
22050
25291
26619
23275
25593
22709
25635
23205
24876
26617
24289
24894
24143
30680
26587
21849
28922
21836
22692
27380
23386
21737
22834
21324
20749
21334
20930
40260
21310
22292
22213
22269
27000
21207
21862
27236
21366
29812
28610
22700
22000
29406
22943
29012
21919
22101
28816
21881
28777
21548
22765
22506
22353
25773
25981
26584
23869
23121
24886
26875
23800
23368
28564
21160
23413
28962
23004
26618
23260
23020
22720
26027
26535
22817
23585
22869
22229
22361
25960
30735
24249
27146
26714
23740
28633
24046
23304
25714
23006
23477
27215
24115
24149
24677
29056
31525
26694
27403
26860
26712
23657
23381
24288
26078
25190
22613
26004
47884
53667
34551
24290
27490
28253
26855
34123
28359
27703
24005
24261
25825
23443
28567
24008
55289
30442
23103
30792
24838
24824
23755
26591
22066
30788
21591
22310
23677
22823
31900
23304
30409
24922
30737
26273
22831
22371
24397
27607
27274
30359
34483
26060
23663
23273
22888
21073
27489
25355
26163
24881
24133
27591
24869
26179
24186
26567
22553
27421
27391
23924
28110
22943
26272
32138
24705
26708
24332
24529
26896
23077
23058
26260
25779
26236
26554
25750
23140
22788
26178
26677
22376
24218
26969
27140
27352
28469
27592
24344
26825
46677
28186
27005
29480
26718
27703
26812
24212
26205
24048
26148
23467
23566
26991
24262
26900
24292
25742
33357
28162
25901
23369
26232
23578
22599
26607
25140
40553
34392
32931
32229
32938
31000
34525
31299
31537
34796
34140
34394
35189
34854
49464
27753
28441
26826
27089
24591
35397
27500
27257
23646
27691
24310
27117
26217
24121
22764
26440
26508
25789
25905
24955
35409
27146
26286
31513
27888
27362
26649
26254
25925
23736
29644
24056
27159
25822
26117
26170
22695
24233
25691
25852
25306
24470
27970
25545
25905
33944
24915
26964
26944
24806
25095
26636
26693
25500
26230
27006
23263
24976
23046
25892
23505
26290
26901
25880
25852
32667
23496
25573
28130
23759
24114
25098
29180
23035
26652
25638
25850
26874
25129
24273
26676
26482
31429
23984
23463
31041
24071
27973
27888
27262
26381
27138
73192
33567
32496
24996
27088
28050
32220
25617
30912
26834
26981
23734
22938
26194
22263
21448
43545
23735
26047
26090
22845
26703
22539
25925
31689
22255
22368
32513
25385
24032
33083
29137
22513
22210
22176
25915
21561
23179
29599
20794
21861
37885
29836
27181
23793
23002
36205
24034
22694
21876
22300
24779
25793
27590
24149
22030
23212
28417
24251
23514
23796
24443
23058
22835
30898
24825
30370
31219
24977
25879
25058
22288
22895
24500
20745
25459
22114
21750
21459
23353
23260
21768
26193
24843
26887
27563
45719
23632
25437
27686
27273
23936
27167
26749
24576
24267
23829
26754
23934
26629
33057
