148769
122020
116447
108588
120220
111738
108790
114354
110538
133730
107404
110195
240875
116124
115422
119566
111298
115117
181802
130356
108866
106665
122213
120692
186818
117486
111375
105233
108580
128091
112069
119357
153957
114011
110407
184415
113877
117355
129549
113154
116122
168192
119247
113011
138044
116188
119340
163397
103648
117931
120477
231373
115024
126305
126280
109212
155246
113582
101347
107920
107787
113040
118514
118898
105088
117832
107369
128565
111868
140484
135700
122057
112023
106571
116172
106334
106236
114787
166382
122652
102050
114943
115298
112966
113102
99436
105359
112388
121562
115157
136703
147312
121424
110268
198961
114292
107967
106143
107252
106896
108650
152046
117124
118572
113628
122734
135322
136758
136729
106789
115463
111180
107306
118308
114195
120968
113995
156886
135511
150476
112471
118348
219186
151819
202892
165759
125276
108683
122452
119706
116730
113224
139147
125118
101139
146690
117832
118142
123418
121072
109771
104530
115482
147219
114527
105109
124760
123953
142108
114986
116654
109403
110788
111818
108589
118990
115337
107529
112065
99711
105257
118065
173991
107096
154801
107634
139088
117868
113083
127213
123669
152309
116601
131759
115072
117778
112905
108803
107789
87332
128370
143234
199173
115397
114218
103409
120078
106621
118922
108459
138525
104407
111298
110820
125633
126830
107719
107387
132909
120392
118384
115960
104851
144878
108164
119212
102507
117497
110188
102336
135913
112578
109055
106958
139950
117349
174507
108381
115164
151416
108995
151787
106103
116661
100704
110011
173906
127927
133407
119508
106678
148591
106964
124731
127251
108222
101111
117771
115331
168168
101832
121594
117043
110029
114277
166894
106311
115089
137263
106994
102560
141191
103207
157742
117470
121954
110378
117417
101902
115080
100576
121048
107264
116298
100976
117053
107349
104147
314208
155755
121845
101136
154823
116581
106184
132883
109484
157342
168711
128546
104691
140577
