1882154
1807406
1829767
1728875
1572586
1683463
1822877
1926153
2032603
1612054
1799491
1698722
2013339
1725033
1824388
1859184
1659276
1711721
1902091
1675449
1693190
1726839
1725262
1934017
1870487
1731653
1880914
1812422
1562010
1571925
1656073
1722158
2139468
1707481
1630251
1928490
3554567
1691531
1777994
1713240
1686693
1849589
1788453
1776119
1633723
1724207
1786222
1625905
1656080
1772328
1875419
1894284
1964812
1673268
1695409
1718686
1653906
1694614
1521523
1540153
1723342
1766474
1747206
1754565
1629065
1778437
1700125
1620303
1672267
1749206
1646452
1672354
1805241
1803485
1695336
1733884
1931213
1783945
1625795
1737504
1871350
1653449
1811598
1884462
1741960
1595910
1621761
1655628
1576671
1698835
1475004
1463052
1931057
1740644
1789024
1697711
1640603
1609703
1657629
1584564
1627261
1735839
1743918
1781355
1705649
1671334
1706859
1702657
1688954
1915595
1876287
1755537
1709628
1582016
1693964
1767676
1656009
1757759
1791452
1635777
1813224
3389407
1621214
1821232
2741997
1534539
1707984
1742994
1714571
1893524
1535023
1683565
1669528
1700159
1629410
2035679
1774964
1765232
1743748
1845191
1541217
1676723
1614272
1659810
1752925
1548497
1593902
1647551
1812119
1524409
1793843
1669897
1643653
1629463
1831627
1735476
1561987
1804482
1660702
1517249
1703221
1544764
1835699
1459125
1747907
1861168
1586468
1808497
1838177
1659158
1456288
1897994
1915015
1827672
1610760
1694990
1725649
1703932
1873041
1661171
1545979
1736665
1783928
1716241
1710524
1645354
1699200
1820840
1585705
1885633
1564662
1563143
1670576
1858990
1631176
1508899
1607921
1584711
1836240
1525782
1774662
1587083
1752220
1643590
1577053
1601013
1607253
1987141
1655379
1872426
1904408
1747212
2051041
2360586
1709176
1670238
1739237
1761080
1678961
1423511
1695565
1400776
1789435
1627384
1716413
1729749
1655869
1651084
1760951
1657267
1529692
1677402
1670014
1692022
1643324
1579418
1759108
1518224
1744773
1876071
1679284
1630119
1543470
1527804
1870649
1714297
1863497
1562712
2697376
1605766
1585722
1523235
1500734
1617498
1764040
1568549
1713399
1554204
1681268
1608219
1725125
1614952
1858727
1601550
1669888
1719150
1665325
1608279
1826159
1690556
1857339
1658902
1695607
1755944
1709014
1711335
1511094
1596248
1804312
1669267
1735934
1757629
1740634
1579301
1617345
1927609
1702590
1728748
1546036
1807536
1684328
1709349
1667747
1770953
1778530
1695682
1562979
1644984
1657667
1471234
2025435
1672015
1800591
1686066
2249768
1770645
1641649
1562045
1605939
1985273
1753217
1611528
1814244
1742460
1621785
1756734
1705570
1697520
1870039
1691206
1901819
1659768
1566369
1889677
1851996
1912897
1758117
1616170
2360235
1563238
1783148
1746188
1748697
1678874
1534825
1591885
1644410
1895704
1797048
1558895
1711705
1644171
1705353
1634411
1582999
1498864
1725701
1461768
1727466
1787588
1755540
1653572
1621381
1605631
1502010
1535209
1549888
1600529
1700048
2647579
1511173
1922332
1701807
1788795
1782549
1729902
1564642
1536313
1728048
