1963117
1609550
1628988
1709503
1731093
1648663
1713739
1677441
1728761
1861044
1839511
1905127
2240763
1816350
1520842
1806130
1516571
1982861
1672979
1551130
1818677
1755882
1674805
1593300
1773447
2035033
2091180
1660892
1557002
1839783
2013090
1554792
1742940
2285761
1694445
1566185
1692459
1726176
1820220
1816265
1904533
1759571
1574667
1695008
1582526
1512382
1690259
1585515
1549183
1631931
1594581
1500003
1811435
1510324
1667264
1692297
1573785
1574712
1808330
1703109
1620692
1876080
1547126
1781360
1650939
1753371
1762268
1586400
1591518
1691173
1694074
1675183
1577854
1586578
1760923
1625549
1639088
1619261
1630591
1733123
1660979
1695754
1766506
1713032
1794472
1954697
1875076
1936950
1718922
1875778
1623189
1715465
1717802
1740437
1667746
1747502
1522448
1552566
1875341
1713937
1790816
1830482
1557905
1721248
1556380
1485401
1695660
1580802
1641633
1807059
1670549
1659198
1735925
1603912
1885227
1747792
1505330
1649477
1717725
1679804
1541759
1778953
1583362
1737023
1952995
1723428
2050686
1697599
1626002
1746127
1948404
1591416
1596438
1644493
1737904
1634833
1740250
1822150
1697824
1861826
1566209
1571853
1681538
1785422
1702263
1731787
1882490
1800550
1694481
1790497
1749689
1805465
1608349
1672243
1675959
1836497
1950275
1802210
1772051
1719228
1634491
1769407
1715260
1695090
1780485
1678462
1784128
1672494
1929760
1902912
1681982
1894671
1689874
1641203
1801462
1882743
2053114
1864493
1957944
1624852
1735155
1783897
1637732
1572825
1623154
1662774
325190272
1715414
1624665
1865619
1927641
1677008
1539597
1727431
1636386
1546653
1578750
1610190
3064037
1867625
1887730
4829507
2555277
1838341
1720457
1814405
1661497
1589592
1871673
1685796
1861550
1647568
1689420
1808951
1582695
1824405
1647394
1713868
1664189
1561009
1683650
1798247
1601711
1671954
1525546
1623939
1705703
1478782
1903333
1565702
1564329
1714669
1385369
1628841
1433628
1701745
1510209
1662519
1545476
1723279
1596034
1643633
1630300
1713477
1780746
1705269
1483408
1720080
1715181
1672762
1631672
1799571
1954337
1792857
1502984
1678124
1516634
1694169
1759564
1757845
1811377
1615848
1637058
1747198
1841098
1634811
1633239
1761903
1703422
1643602
1433204
1551211
1598591
1599200
1579788
1495920
1623375
1659299
1948606
1645042
1655610
1582657
1651809
1647657
1695797
1498787
1523819
1879308
1957331
1639007
3541762
1599465
1780814
1721665
1790569
1669049
1634808
1656797
1839622
1812902
1876128
1703248
1753274
1746907
1547280
1613941
1734317
1638260
1605210
1695681
1674224
1548815
1734358
1685876
1725877
1622249
1892799
1820560
1625283
