391367
415129
376183
549822
418311
457923
487573
441989
471158
396437
423395
553800
377524
393120
484971
562674
469612
680107
602914
441524
504153
496478
542541
474836
485641
431683
550293
294496
457222
377653
340892
483328
405857
597857
371795
380597
442369
456771
492057
373663
383336
637817
474990
514309
392458
400675
422721
383402
374713
488252
398287
390902
554799
510503
391227
413388
557979
428293
432575
535883
503082
346009
424425
379919
387190
529045
499173
595059
431779
572388
561256
462236
563934
482388
450468
464108
472665
481513
387717
423672
448240
425093
506052
500105
457648
459028
489832
402426
400774
352159
444374
391514
558641
481480
524969
634238
458990
452205
444860
423230
398611
476643
384777
394800
540907
450922
466746
527957
478467
449609
435508
491408
463714
433219
398279
429894
474806
469100
368495
407949
450351
323641
385172
414218
384399
514113
421249
550680
481397
450960
367578
423773
458619
1038318
514762
480456
389301
437144
342250
424271
427291
326488
334519
383860
487807
359384
390264
415345
423225
341793
489054
425381
475888
386969
365138
434391
580398
450553
487225
454348
464042
551894
404615
590498
629674
544451
453414
402037
771914
535691
471105
478498
536994
426787
507271
442542
526738
480390
502907
546221
451077
549722
413092
383965
470460
527709
563557
523316
424869
611858
455384
492609
429544
419881
422522
568230
511524
468049
403472
501367
313982
447066
404651
512304
505646
401466
471705
508846
506557
476547
523672
433405
521410
494210
410618
603496
536128
468869
481626
387120
437764
392166
410822
432695
521157
431850
583012
431058
465265
487061
478114
602600
428935
550384
438445
370175
461954
395042
524128
367548
417820
506651
402628
300577
392350
437724
587595
347573
407010
433195
403440
337654
532506
332049
441391
553397
544655
437485
548131
394492
440230
523504
443448
469010
453731
417390
473894
332885
480876
499322
437489
452263
425834
362983
428006
578586
469833
439839
472126
406437
504862
854263
441164
460871
418471
574467
488705
444639
465479
435474
448525
534801
428214
565152
586138
644694
467394
479129
491874
556866
466078
475242
453211
412853
423454
492762
512147
547593
518595
508829
454357
409937
552209
564282
416758
502481
537407
445968
393193
410854
465156
420743
461562
430227
313447
499547
459619
589908
507202
517023
473090
371417
441913
562607
338298
463904
602600
612197
439076
444956
451220
385173
484809
394293
387074
328679
448838
434168
534871
518873
559260
545804
474168
526858
508536
594432
434914
469325
425102
416999
328667
608547
535370
484083
523335
373718
382161
400819
419534
362614
542846
384880
474834
396726
551343
506603
449787
479542
414181
454008
509760
598864
497982
514568
425294
410980
369613
458375
378025
435063
541898
418484
460444
480687
553522
446469
435763
419568
546475
364846
412600
467694
396869
431391
496270
455659
423211
515186
346729
590040
522813
453697
458809
521597
488421
425571
663978
494749
441133
510342
418294
523163
456211
407893
383721
362799
358583
357181
407746
416255
321157
436048
534968
503249
385695
510169
484545
437777
416254
534593
548740
495773
519440
606011
501561
468357
455381
494465
475939
562486
435620
376199
526377
450177
431642
389065
396507
526996
439136
471242
444643
498251
419292
528387
512134
431919
454374
556946
389202
513863
399020
424972
452206
631405
408206
580509
542339
