Bench : /home/adithya_bhatp/gitRepository/NFS_FUSE_Implementation/client_side/v4/mtpt/zzzTemp.txt : len : 10000 loops : 1000
WRITE	FSYNC	READ
325441	84618	89863	
338911	81275	2908	
301761	103091	2760	
326511	96104	2876	
290333	73983	2806	
237514	71989	2567	
229833	73820	2642	
298791	96075	3043	
288265	104378	3871	
248893	93678	3872	
233785	75481	4116	
346478	105021	2789	
324784	103476	3540	
279436	73839	2743	
260964	95150	3578	
331012	101321	2609	
258283	74629	2729	
235260	71072	2543	
234525	70134	2640	
265711	73114	2743	
279389	65480	2711	
225075	68523	2671	
199984	72203	2543	
256485	71132	2706	
291008	135789	2605	
282250	133754	2672	
302455	101662	3332	
332343	110281	2602	
292888	76031	2711	
280854	76611	2737	
291031	101740	2776	
291380	114115	3063	
482043	72752	2745	
282176	77084	2753	
224601	59058	2548	
219891	72575	2622	
252756	79662	2534	
239733	70906	2610	
310528	79576	3583	
275207	74837	2753	
316598	73531	2713	
240797	124794	2747	
293774	65627	3116	
405657	75094	3127	
249819	83568	2681	
293495	74467	2477	
346100	77638	3120	
251290	73360	2697	
242189	72360	5569	
342231	103090	3177	
285331	75806	2951	
335794	70349	3230	
259600	70143	2632	
228623	68522	2600	
244917	98178	2789	
302624	73343	2632	
260088	72178	2453	
221877	91725	2627	
248149	103691	3103	
239227	117340	6450	
389306	163843	3605	
333232	132118	2896	
321873	194006	4294	
281480	94491	2931	
269093	74663	2746	
367214	71560	2848	
422920	112672	3289	
312686	73017	3123	
363785	82515	3144	
377317	111257	2592	
316763	81937	2556	
260902	78947	2337	
231467	79020	2650	
268961	143158	3321	
316932	100050	3731	
297641	63888	2602	
227070	90601	3629	
366766	86998	2717	
348837	84180	2685	
398517	129211	3202	
277623	138124	2823	
273506	86300	2511	
263658	78277	2647	
278688	178610	2791	
261938	85830	2543	
261826	65479	2608	
247457	89606	2538	
277722	78238	2685	
299807	111482	3381	
376821	87120	3206	
355393	89706	9165	
252746	87932	2500	
250848	69080	2489	
245963	81335	2891	
300932	72500	2732	
237214	72110	2658	
252988	66600	2712	
275706	67438	2691	
344932	103404	2536	
358673	76645	3309	
251606	77862	2642	
291509	89383	2853	
364715	74307	2600	
309791	131042	2569	
254807	136123	2994	
295566	100741	2551	
324921	76202	2633	
291835	140331	3946	
344074	98347	2934	
225146	64434	2597	
257916	69747	2737	
235428	73000	2515	
233423	73783	2493	
227663	89874	2629	
248226	71948	8129	
238506	73983	2553	
212244	62727	2568	
223407	69302	2440	
246391	69495	2806	
376925	106293	2827	
297718	121344	3758	
292720	81331	3169	
254177	81684	2738	
289520	125274	2752	
358766	118814	3434	
357200	85092	3269	
254335	73900	2814	
385233	130198	2727	
367197	92173	2813	
293500	119574	3969	
333280	90877	2659	
257955	72406	2717	
271473	77509	2642	
263619	75073	2646	
271592	81222	2650	
246395	80360	2757	
283480	79460	2762	
238965	101670	2664	
254636	75985	2547	
230066	72340	2440	
348048	118109	3500	
260083	75218	3850	
305260	73597	2846	
278035	104037	2715	
328475	110709	2594	
389989	117977	3289	
337911	73306	2837	
226064	63620	2678	
239163	83323	2591	
226739	70307	2576	
371648	124323	3308	
250977	72856	2571	
445565	70710	3247	
381351	129446	2659	
297790	92860	2620	
240087	74784	2523	
341961	81544	2913	
243409	87109	2706	
276698	90646	2630	
417553	85877	3411	
239548	70006	3148	
280043	70772	2815	
262742	70707	2554	
267151	74511	2764	
297396	76160	3324	
314029	205077	3385	
457409	111750	3377	
301823	92115	2663	
296150	82527	2958	
259197	80911	2823	
281668	83224	2689	
337128	88758	3406	
316135	77029	3203	
388698	77552	3305	
285245	80120	2870	
247842	79833	2603	
295309	80738	2695	
349668	112673	3346	
293966	102491	2640	
309165	102986	2761	
241529	96960	2730	
277140	82451	2463	
294316	79327	2607	
246804	76228	2495	
245861	150919	8074	
267322	77498	2734	
372198	167179	3195	
308429	72299	3320	
275423	72773	2773	
246817	87302	2625	
349976	75208	3385	
320729	136617	2889	
391760	103552	2772	
306345	106503	2526	
303058	78247	2495	
283198	120469	2782	
366853	104580	2855	
286605	108917	2552	
262080	123291	2487	
304643	111777	2567	
256600	107966	3048	
248448	93018	2731	
256450	105649	2504	
249889	101277	2640	
269862	74266	2406	
224430	72642	2532	
236518	79730	2782	
243766	78901	2566	
260888	88115	2570	
247941	76574	2551	
284705	107791	2540	
324568	121131	7329	
369279	176857	3689	
347389	85908	3339	
609140	125066	3452	
321224	115891	2957	
342431	76676	3297	
267798	103300	2761	
303464	85700	2715	
240791	75521	2718	
317249	114271	2843	
312109	103252	2609	
306909	107140	2553	
371973	118947	2560	
275742	70743	2626	
241211	72097	2660	
267433	64566	2722	
245940	81404	2800	
229134	124406	2566	
269903	77972	2693	
284140	75326	3311	
294916	106603	3437	
464298	101757	3758	
276720	74357	2760	
241578	72928	2640	
306222	115832	2807	
354602	69470	3291	
336994	96836	3320	
356960	72067	2688	
240016	84947	2566	
229103	73689	2763	
230063	75029	2588	
347098	79067	2551	
324671	79129	2714	
238874	88143	2693	
234501	71161	2634	
217700	77375	2560	
321437	79380	3351	
233509	71784	2708	
247095	73850	2611	
245828	70951	2649	
229725	81829	2766	
246981	74811	2838	
361644	115540	2566	
309162	72045	2535	
235314	72060	2519	
238631	79056	2529	
335044	92471	3063	
215076	106958	2626	
262308	72674	2652	
240835	69951	2458	
237931	72365	2765	
319080	71811	2575	
360149	80700	2848	
281106	80797	2686	
301791	87308	2707	
304614	112886	2718	
356441	117363	2602	
298736	102766	2861	
369057	85386	2650	
317512	79391	2608	
291881	84114	2511	
327431	158759	3191	
332911	104017	2694	
267238	95297	2689	
302783	467377	2806	
372677	78692	2709	
411111	91177	3376	
421892	114770	3655	
394326	81512	3773	
295673	99458	2897	
288947	81818	2703	
287326	86954	2629	
305856	77963	3382	
271841	109367	3697	
239287	74824	2771	
249135	76941	2668	
519553	199940	3326	
401180	105432	2569	
232538	85357	3337	
266960	117229	3191	
260638	135184	3955	
316066	129532	3255	
280703	65180	2782	
285505	98253	2823	
218426	91402	2893	
410088	78680	3093	
246918	107282	2652	
367611	75660	3235	
260970	91643	3526	
237894	76286	2691	
272863	100185	3868	
283500	74254	3045	
253830	76195	2708	
286171	144532	3433	
429173	130479	3587	
504340	100745	3288	
369404	75763	3129	
360340	89777	3161	
327631	105918	2935	
579755	117780	3455	
304421	101849	2793	
289055	81187	2655	
265817	76796	2587	
427530	74301	3302	
316460	79408	2750	
347120	116755	2698	
304948	91876	2651	
325746	88202	3257	
272277	81169	2715	
325575	78624	3149	
379803	83727	3149	
333600	122811	4975	
316086	82997	3004	
293103	116636	3320	
329822	86157	2632	
300798	156222	2570	
382535	119872	2773	
238443	111182	2738	
298969	108021	3578	
305350	78818	3270	
285759	72964	2740	
237982	78008	2709	
208819	86909	6029	
287366	81409	2646	
234985	88058	2490	
317552	182259	3912	
371984	149080	3343	
364529	136953	2786	
248234	75829	2666	
364811	71874	3154	
302155	95988	3260	
261028	80125	2600	
232204	108340	2629	
299242	125167	2762	
347234	80646	2923	
289949	223827	2929	
261953	96782	3455	
317658	118540	3200	
332836	66538	2809	
252075	101247	2787	
228911	71320	2523	
241551	72027	2521	
229111	155704	2483	
355006	129435	3225	
403720	72805	3276	
301217	80670	3316	
266355	82155	2966	
495085	74073	3322	
355382	74427	2643	
257803	107221	2722	
314559	143669	3645	
411840	80659	2839	
295387	88356	3042	
349317	106742	2923	
272463	104607	2661	
282573	103972	2880	
334374	80466	3094	
229254	74562	2689	
220542	70331	2543	
225165	63548	2489	
274509	80640	2606	
247910	72829	2700	
262106	74700	2582	
223246	72438	2473	
250358	72592	3241	
218633	69851	2657	
234480	64317	2734	
304032	73420	2532	
330426	93443	2635	
347393	99357	2803	
274286	71841	2680	
253248	71929	2689	
232680	83412	2736	
250181	73102	2533	
293693	118140	2722	
378251	106237	2611	
377206	100484	3240	
383841	84320	3262	
294546	70256	2722	
367443	69735	3065	
334305	83141	3325	
280876	73376	2746	
401243	105578	2660	
347100	147176	28227	
377337	76126	3279	
230462	70577	2742	
224028	72440	2533	
262479	72336	2529	
358138	81195	4125	
293365	112393	2947	
296577	77871	2823	
425824	122280	2806	
302863	100492	2660	
415479	116171	2711	
259228	90001	4113	
257335	79405	2871	
308222	96242	2796	
436571	134234	4268	
331055	98531	3017	
317979	82434	3178	
292231	114731	2560	
471994	102046	3840	
340383	107220	2664	
468062	152426	3518	
364209	112006	3771	
266203	79015	2626	
249389	161249	3257	
288228	76780	2767	
303743	72872	2540	
228475	71518	2579	
232277	71154	2460	
245687	60366	2379	
230264	69839	2406	
448377	77500	3514	
301480	81779	3128	
242019	72095	2795	
443060	81242	3252	
256765	74686	2852	
251825	73460	2925	
251525	79849	2759	
217225	70007	2610	
219021	130902	3225	
309667	98093	2723	
275106	95142	2483	
236528	110135	2554	
277610	95633	2620	
225446	65305	2621	
267504	79740	3246	
242654	77288	2635	
278093	81968	2548	
220354	71723	2491	
317467	150160	3690	
407401	92789	3595	
363254	75186	2852	
376991	71738	3465	
458307	72857	3125	
333511	70192	2598	
258268	71623	2512	
244106	84755	2675	
441834	73311	3332	
348206	74167	3370	
280739	77807	3005	
246123	74485	2579	
260375	89736	3045	
312957	79281	2955	
269189	124191	2723	
257880	71580	2615	
253952	74773	2840	
229673	70322	3292	
339953	90958	3366	
302735	89577	2897	
327084	164505	4026	
304165	115635	2779	
308828	80032	2617	
388060	80409	3412	
247389	70594	2751	
296809	79243	2692	
233655	76911	2572	
336049	106420	2605	
257228	94132	2645	
301743	75826	2637	
251133	80930	2631	
247260	77123	2537	
250848	64316	2591	
317482	127520	3410	
289562	93862	2627	
282976	75486	2591	
235271	78165	2594	
301749	86931	2644	
310637	83459	2684	
248908	76586	2659	
275767	71493	2603	
216877	83320	2555	
264663	72829	2660	
271667	134747	2683	
236789	70293	2478	
223351	75519	2638	
324480	102057	2843	
320240	110498	2694	
324475	113974	2591	
233549	104011	2569	
271964	71487	2615	
267503	65915	2520	
328843	75236	2567	
265651	94451	3813	
404021	79290	2936	
342360	75846	2666	
323640	74814	2669	
214842	63540	2829	
272660	79531	3330	
309691	71640	3465	
294029	74100	2809	
238202	75603	2738	
303275	86827	3043	
249456	96731	2800	
229428	105673	3102	
386310	70837	3098	
253811	78144	2564	
290367	85637	3246	
364652	155163	3026	
352046	110807	2781	
308103	71583	2578	
390667	125806	3305	
322746	112594	3054	
382502	80891	3056	
405722	80163	3387	
217169	65003	2936	
239623	74268	2581	
230078	77278	2679	
251058	72231	2828	
227709	72020	2440	
248770	75150	2518	
262669	74805	2610	
250285	70572	2804	
421921	122848	2473	
332282	112384	2588	
337406	79229	2822	
262494	73323	2834	
251191	72151	2602	
260716	101153	2665	
374439	157963	2599	
263142	73300	2493	
227390	94376	2851	
272293	75156	2559	
372367	105140	2515	
261128	76114	2691	
275182	118697	2582	
267406	79917	2763	
307225	69129	2534	
296586	113248	2595	
314264	105846	2691	
285323	73974	2511	
228534	70304	2731	
230379	69226	2512	
238056	75049	2577	
222066	69357	2472	
480301	105472	2909	
331503	133131	2722	
323462	126631	2714	
338907	78278	2400	
279047	85942	2543	
270928	86060	2662	
345848	95873	2645	
254674	76683	2545	
244620	63826	2560	
314597	72487	2615	
309166	100491	2540	
275603	75508	2474	
267993	74314	2484	
241465	77500	2542	
273463	72525	2821	
251429	86046	2651	
239001	76269	2492	
222140	89872	2530	
258202	71201	2500	
259671	96733	2687	
422480	73769	2507	
233756	97582	2648	
302941	73496	2493	
423537	68363	2540	
332011	101138	2568	
274828	99577	2592	
293714	90154	2508	
302666	81555	3383	
396102	91692	3114	
256925	72930	2675	
280546	71790	2586	
245637	177870	4080	
295205	82128	2792	
277894	67326	2820	
243560	72034	2636	
276654	70480	2737	
254170	109854	3108	
244268	134443	3134	
308542	115304	3523	
255343	69985	2742	
284489	75111	2836	
294377	76055	2691	
282249	139788	2860	
318734	72574	2634	
283528	77689	2746	
251302	73503	2565	
218365	66814	2679	
279752	96740	2500	
238010	73040	3105	
238888	89590	2475	
290815	68097	3068	
321031	101411	2903	
270607	190625	2565	
326194	109529	2503	
253650	77684	2680	
245370	77073	2602	
349759	158784	3644	
278585	74710	2682	
380514	104926	4873	
261427	80617	2703	
281834	74616	3695	
386914	99562	2831	
320604	169642	3735	
334802	102031	2655	
237186	74456	2563	
349249	145814	3514	
298716	95394	2822	
328428	116646	3430	
295396	75043	2605	
239604	72379	2777	
287453	76186	3837	
345224	78939	2794	
236002	69422	2594	
212932	70071	2539	
238809	96800	2727	
564374	84329	3716	
254259	159354	2977	
259839	74074	2840	
226041	89406	2745	
254934	74171	2742	
271423	72605	2649	
276344	72529	2614	
392618	118849	4103	
334223	71304	3325	
255559	115999	3315	
247339	89605	2695	
228114	80055	2751	
245973	74065	2646	
246552	77374	2670	
216555	63716	2738	
293760	98326	3416	
292491	76468	3355	
284748	73901	3220	
236695	72776	2695	
243111	98637	2629	
411437	74780	3107	
362903	114296	3747	
276705	75966	2829	
237468	71446	2594	
227711	71015	2631	
227070	73429	2681	
302520	99157	2749	
250553	71416	2491	
238037	70413	2538	
231095	71476	2566	
234720	99549	2854	
239120	69744	2633	
223823	71802	2511	
258892	72485	2600	
221760	71026	2494	
221024	70890	2570	
213185	86472	2516	
245395	70872	2742	
227783	70042	2633	
265788	185847	4540	
350301	122395	3888	
253764	135051	3820	
373171	97844	6509	
280950	84612	3063	
276774	90569	2946	
289567	128039	2675	
214439	63166	2520	
262873	161948	3471	
265612	65421	2697	
282876	92246	2645	
266431	74733	2688	
240270	69615	2486	
243586	83474	2568	
228449	73722	3251	
266020	77016	2787	
243358	71026	2424	
216028	70249	2460	
305598	80905	3440	
324308	141157	3844	
241561	79673	2713	
271393	113624	3820	
400683	126410	3322	
302322	120620	3755	
304144	106493	2875	
293462	100417	2703	
222040	64837	2712	
263448	78995	3298	
257610	97609	2968	
251579	71674	2631	
211077	71718	2708	
367390	69289	3266	
275618	143204	2846	
292261	116772	3146	
322951	76394	2590	
262467	104894	4006	
257554	77769	2723	
351706	78718	3345	
261591	75152	2709	
231542	74466	2798	
276274	69939	2699	
467300	76994	3375	
247284	73482	2654	
279380	76315	2654	
222233	72593	2522	
225202	73565	2583	
217029	69640	2469	
238399	101707	2545	
273741	111735	2549	
425175	146930	4128	
373431	170976	3605	
319891	75205	3162	
288233	66464	2795	
245809	76816	2679	
254510	84191	2690	
274529	72822	2660	
304755	171826	3520	
342545	103161	2666	
252424	172758	2910	
271223	77582	2483	
394796	86368	2633	
295392	69182	2687	
355131	117992	2638	
251739	75060	2600	
304310	126389	2561	
317268	66546	2617	
287800	102017	2489	
362995	98512	3310	
302100	160553	3224	
302556	106268	3038	
429689	146056	3066	
429238	156584	2929	
283340	107656	2597	
303949	92429	2694	
294188	94214	2568	
279463	95040	2762	
248485	73763	2474	
217167	81078	2668	
240888	72772	2463	
325830	110791	2820	
265799	121650	2809	
271992	63568	2455	
268778	72675	2620	
1381563	163446	3127	
500306	205908	2738	
521712	153300	2520	
477734	160763	2547	
512284	151850	2575	
470062	80177	2304	
243552	80402	2204	
246675	72294	2094	
245475	82694	2196	
225546	56295	1648	
169808	52844	1535	
175084	55748	1584	
169341	56544	2395	
335003	128069	2322	
349485	121237	2426	
345049	122989	2376	
345578	191993	2422	
335685	129649	2315	
378437	121388	2346	
371743	95170	2403	
293380	94673	2326	
278673	94827	2307	
395577	99300	2419	
279776	92511	2276	
287455	100539	2317	
317062	93872	2385	
289416	94496	2321	
340070	94814	2329	
334057	107626	2483	
353213	104075	2287	
315472	104143	2386	
333389	103376	2302	
344064	105465	2320	
337019	105650	2299	
299767	110263	2320	
308825	101813	2333	
313386	101409	2290	
299865	120800	2289	
306281	103491	2338	
342323	115671	2561	
342635	105188	2304	
306391	103667	2374	
308462	175998	2478	
314455	105124	2392	
306077	106239	2373	
286686	96735	2274	
300980	93571	2204	
321054	95185	2307	
280846	94198	2227	
329265	100883	2281	
362399	106879	2524	
305998	103898	2434	
300644	103003	2383	
300712	102181	2250	
348395	153744	2252	
309406	103690	2295	
271637	103288	2321	
308594	96773	2359	
280966	93835	2335	
298670	103403	2326	
310487	97555	2364	
301984	87579	2288	
260567	85607	2362	
290673	93204	2311	
284539	129629	2325	
292411	95872	2308	
290348	94703	2365	
279717	100637	2258	
308558	96025	2262	
309046	97810	2289	
352341	95680	2545	
284898	93844	2346	
291007	95095	2377	
291477	127197	2572	
302892	102818	2367	
373456	105066	2310	
404050	94097	2363	
312137	102673	2452	
302104	107465	2429	
348915	91539	2314	
322887	101254	2390	
294552	94182	2301	
286928	94337	2396	
349053	93991	2296	
338961	106599	2394	
532278	171509	2472	
507720	154956	2505	
510981	161144	2420	
464048	60548	1668	
167493	51661	1548	
414443	120085	2356	
299994	95176	2335	
280685	130998	2374	
300443	96045	2442	
323837	105759	2408	
357372	104907	2375	
312741	102448	2354	
341324	105407	2324	
313835	103543	2275	
387431	107651	2452	
304507	112105	2344	
333571	104935	2289	
339297	102860	2393	
349854	104326	2256	
304480	102244	2284	
265980	104817	2300	
288872	95473	2269	
285457	93886	2314	
336169	94802	2272	
278960	93638	2283	
312471	85600	2287	
295639	105259	2288	
284060	94970	2348	
280227	95325	2344	
283586	93363	2343	
293664	95068	2432	
278357	117473	2316	
290512	95828	2300	
300567	84194	2230	
281626	92469	2227	
278233	93197	2206	
291183	93201	2311	
281844	96218	2295	
293062	96855	2332	
285862	93855	2346	
278910	100431	2450	
281355	111940	2302	
294128	93427	2317	
280220	95227	2333	
285557	117660	2491	
291026	94246	2354	
289223	94814	2259	
279126	93554	2305	
298969	95219	2249	
275612	98552	2351	
293360	96805	2345	
293987	93352	2282	
286847	95335	2377	
288254	93969	2276	
283399	93976	2320	
279779	99594	2372	
295034	96001	2330	
281180	93501	2259	
278795	123296	2365	
299432	85765	2200	
285600	94378	2334	
278755	119501	2247	
290267	95776	2274	
288356	92880	2278	
278820	105856	2243	
281670	92972	2220	
306497	93968	2323	
280449	101811	2304	
297526	98015	2334	
280551	93985	2353	
280669	93993	2238	
282558	93555	2219	
286560	94010	2261	
385915	90720	2423	
303200	96783	2260	
284012	94394	2289	
309069	97181	2298	
286141	94823	2392	
355573	101940	2306	
384548	107606	2306	
304666	129762	2314	
303234	103819	2311	
311414	102631	2440	
304871	130998	2385	
308914	102654	2391	
317514	105249	2360	
315085	103268	2298	
305279	102102	2380	
310586	108794	2394	
299510	103373	2298	
304229	103735	2291	
253838	85480	2363	
343438	95556	2237	
281118	117780	2366	
305945	93817	2265	
288007	94325	2304	
281934	101123	2349	
295571	96137	2351	
285732	94731	2288	
281376	111443	2294	
283310	93780	2260	
303106	93538	2240	
284199	99269	2354	
290732	97001	2332	
317412	95745	2363	
285676	108431	2360	
279617	92856	2255	
451056	101568	2262	
328872	107854	2458	
301764	103676	2287	
319510	92170	2260	
307969	102280	2249	
300588	118293	2327	
305474	102314	2169	
367464	87507	2437	
291482	94114	2282	
275777	94218	2262	
287485	93268	2193	
291951	105865	2323	
291891	93174	2268	
315718	105609	2393	
322553	104036	2289	
303680	104231	2290	
300273	102090	9039	
307611	102021	2317	
306154	102619	2246	
270989	101563	2290	
290029	94015	2182	
279181	93660	2277	
285970	93869	2371	
292462	94397	2334	
294246	94740	2301	
318144	105122	2472	
311191	102519	2330	
299981	102162	2332	
298857	108490	2279	
314841	104130	2340	
303027	102537	2314	
258414	88037	2249	
295212	93155	2371	
280681	93425	2214	
282697	94300	2297	
298291	93152	2319	
278263	93437	2299	
255790	90774	2307	
298260	93838	2329	
279174	93152	2190	
283457	96378	2252	
283119	94445	2292	
279028	94307	2260	
269231	102093	2286	
285639	92900	2352	
278707	93066	2319	
276808	92894	2255	
280651	93385	2280	
283637	92931	2258	
347179	104883	2310	
320754	103613	2318	
302058	103460	2267	
336080	92787	2259	
337356	104580	2279	
304774	105740	2244	
282774	95945	2239	
286762	102804	2289	
278037	96318	2362	
305648	98725	2316	
285209	102438	2276	
288348	136472	2517	
314243	96506	2268	
288204	95835	2403	
281787	93086	2395	
