Bench : /home/adithya_bhatp/gitRepository/NFS_FUSE_Implementation/benchmark/zzzTemp.txt : len : 100 loops : 1000
WRITE	FSYNC	READ
3204	2118229	3443	
2209	603641	3695	
1783	1844743	2085	
1968	774739	1398	
1274	556182	1449	
1972	606920	3818	
2012	1836357	1620	
1586	672979	1689	
1834	708240	1638	
2054	687787	3779	
1915	2018128	2188	
2220	696022	1431	
1454	575268	1709	
1963	518232	1232	
1317	520847	3772	
1780	1924508	2466	
2056	1591979	4172	
1975	1788037	1673	
1384	566504	1273	
1270	752887	1245	
1274	663776	1501	
1351	697516	4214	
1594	1997281	2106	
2246	678495	1189	
1243	610831	1804	
1894	626226	3682	
1773	2056381	2149	
1651	623933	2047	
1614	725173	5178	
2597	1899805	2333	
2360	561554	1945	
2042	606280	1357	
1362	536918	1257	
1291	592928	3493	
1738	1879187	2138	
2303	523679	1324	
1270	600917	1267	
1357	642718	5340	
2693	1922690	2640	
2241	586093	1502	
1427	637121	1424	
1356	591575	1834	
2018	565254	3555	
1625	1819739	2083	
2242	575919	1502	
1282	623199	1960	
1329	571587	3443	
1691	1981488	1906	
2086	670679	1485	
1298	628919	2424	
2671	627951	4398	
1741	1822325	1670	
1512	626514	1796	
1434	566052	1425	
1309	612697	1574	
1358	635769	3644	
1770	1888748	1932	
2176	607159	1659	
1280	531200	1248	
1269	598337	4029	
2789	2047539	2028	
2100	609902	1359	
1328	631212	1239	
1343	587094	3258	
1692	1867173	1836	
2102	586668	1751	
1909	579138	1533	
1352	568561	1236	
1289	583925	3412	
2049	1975108	2010	
2349	711361	1433	
1206	589096	1598	
1442	650216	3541	
1865	1805319	2279	
1393	541789	1609	
1367	620535	1729	
2165	646077	4250	
2626	1900199	2106	
2189	676860	2011	
1656	674843	2034	
2131	543246	1464	
1345	710403	4573	
1944	1981136	1930	
2339	586363	1844	
1437	607766	1537	
1301	637353	3413	
1722	2104924	1878	
1565	706166	2250	
1435	660697	3486	
1954	1904561	2192	
2236	623521	1984	
2385	680583	2432	
2228	727884	3884	
1674	2002059	2220	
1551	680440	1519	
1340	593477	1323	
1335	616891	3758	
1725	2162787	2026	
1368	625028	1534	
1331	676270	1414	
1300	636497	4531	
1863	1946990	1891	
1468	643709	2227	
2274	631461	1831	
1430	677191	4434	
1830	2041109	1898	
2245	539337	1329	
1362	570757	1480	
1278	589886	3337	
1900	1988048	2127	
2274	641465	1495	
1324	633962	1667	
13443	563427	1470	
1311	555905	3447	
1527	1940325	1773	
2140	593364	1639	
1317	582684	1555	
1351	575354	3397	
1711	1857670	2310	
2391	649095	1541	
1409	677034	1551	
1355	541864	3563	
1753	2329506	2351	
2323	632552	2049	
1474	662619	1968	
1432	688740	3736	
1766	1949695	2070	
1563	614064	1866	
1374	690064	1609	
1408	553414	4172	
1770	2051065	2182	
2220	673810	1420	
1334	681546	1337	
1379	573639	3533	
1720	2039720	2277	
1508	634338	1617	
1405	642451	1423	
1350	611360	3779	
1762	1766281	1801	
1333	633202	1705	
1335	827801	2056	
2147	675693	9420	
1759	2040877	2393	
2186	673350	1862	
1538	695244	2182	
2217	781696	4078	
2630	2011988	2470	
2377	746219	1804	
1406	726288	3385	
1900	2084854	2250	
1939	702639	1828	
1484	654799	1754	
1493	1098869	5134	
2506	3025106	2335	
2371	652433	4045	
1815	2333098	1942	
2337	723760	1448	
1292	656163	3699	
1741	1790824	2101	
1435	695831	1683	
1342	810789	1536	
1329	635152	3826	
1731	2165315	2404	
2273	581117	1846	
2087	686230	1494	
1353	686220	3657	
1841	1919425	2175	
2218	587061	1468	
1442	571459	1406	
1329	584709	3749	
1782	1879840	2382	
1856	688955	2527	
2141	728850	1913	
1491	657798	4271	
1900	2044405	2058	
2321	710831	1629	
1475	705976	1716	
1321	748037	4234	
1800	2061539	2320	
2427	652375	1684	
1365	702896	4621	
1808	2417705	2124	
1529	718123	1971	
2163	604961	2158	
1492	713761	3727	
2263	2009451	2107	
1849	632505	1981	
1527	663612	1528	
1403	646861	4494	
1895	2213251	1900	
2273	637637	1691	
1917	594099	3699	
1759	2259310	2419	
2644	704087	2129	
2202	755622	1996	
1419	619086	4826	
2919	1926293	1895	
1441	603577	1640	
1471	716593	1925	
2022	730496	4447	
2857	2000937	1885	
2407	648448	1667	
2146	664862	1580	
1342	716200	3394	
1785	1996795	2064	
2297	646053	1540	
1902	600634	1640	
4226	1979751	6793	
2030	1943491	2193	
3676	2000712	6114	
2254	1848737	1829	
1543	605937	4193	
2697	1797394	2350	
2263	590955	1630	
1265	621378	1901	
1454	596591	4047	
1736	1740156	2105	
1321	614898	1874	
1489	639172	1837	
1412	596792	1861	
1469	667489	3918	
1730	1843654	2304	
1594	624787	1965	
1409	563246	1711	
1358	669941	4826	
1810	1904180	2326	
1415	647458	1542	
1320	676827	1852	
1349	615210	4179	
1726	1946030	2157	
1511	681019	1491	
1338	728064	1643	
1323	617433	3712	
1763	2002216	2357	
1946	697631	1699	
1420	613650	1346	
1271	612669	3176	
1738	1985960	2109	
1528	672358	1808	
1397	646789	1930	
1788	568337	3802	
1769	2050045	2239	
1552	595282	1594	
1341	625215	1624	
1395	593099	3891	
1764	1931004	1799	
1410	578492	1657	
1881	589799	1222	
1432	645252	4189	
3655	2066501	2245	
2425	629183	1578	
1346	673976	1488	
1369	621334	3415	
1759	1789680	2182	
2461	507804	1424	
1335	688047	1421	
1360	588000	1434	
1331	584442	3905	
2488	1785336	1802	
2066	554237	1608	
1363	654825	1721	
1943	611901	3402	
1626	1913770	2291	
2607	643052	1988	
1430	621872	1843	
1582	599583	1992	
1531	623409	4515	
1924	1876791	2160	
2224	593795	1519	
1417	530977	1425	
1355	615713	4223	
2441	1815099	1697	
1458	580289	1486	
1409	618813	1354	
1359	568330	1254	
1269	509309	3794	
1728	1794036	2206	
2155	513806	1331	
1252	581683	1254	
1355	569622	1365	
1409	658659	4043	
1791	1905916	2357	
2151	607381	1503	
1473	562822	1582	
1356	590463	4314	
1854	1901669	2048	
1514	608075	1547	
1397	560822	1240	
1393	616266	3846	
1733	1819839	2059	
1477	543757	2224	
2006	625732	1594	
1346	609776	1369	
1434	664602	3394	
1724	1866242	2037	
2352	606339	1605	
1359	594176	1291	
1273	590976	3394	
1688	2023742	2095	
2194	629359	1789	
1999	602403	1533	
1348	673399	3844	
1734	1896019	1976	
2211	594959	1339	
1247	665461	1325	
1265	707156	3569	
1728	1836528	2397	
2291	625207	2080	
2061	630562	2174	
1490	662016	2120	
1529	641320	4886	
1843	1829114	2107	
1520	617686	2059	
1904	634711	1800	
1623	637844	4367	
1775	1905200	2137	
1486	658395	2026	
1452	662607	1697	
1498	651813	4729	
2432	2047892	2023	
1600	691361	2024	
1457	674959	2029	
1488	632453	4621	
1906	1892420	2328	
1446	669895	2158	
1423	666295	1965	
1481	663078	5235	
1920	1706788	2423	
1647	601142	2121	
1582	600757	2196	
1507	685176	4906	
2578	1809151	2141	
1930	637057	2288	
1584	645000	2449	
1625	631866	2194	
1504	658148	4020	
1832	1882955	2253	
1368	692049	2127	
1408	722856	2158	
1506	647452	4100	
2390	1970634	1725	
1427	591603	1613	
1386	685026	1978	
1513	753125	5155	
2069	1836637	2118	
1514	649367	2114	
1469	745936	4131	
1764	1862886	2298	
1961	756331	2039	
1555	660206	2059	
1746	693126	5077	
2040	1836220	2202	
1569	686971	1673	
1386	607227	1888	
1718	762534	4770	
1945	1921551	2154	
1374	686332	1899	
1484	615824	2072	
1488	609457	1898	
1678	663110	4583	
1897	1924501	1849	
1336	616353	1922	
2090	584706	1699	
2057	643727	4241	
2874	1920876	2080	
2122	578309	1663	
2040	700355	1667	
2077	663928	5073	
2675	1783868	2237	
1976	612848	1684	
2181	658274	2126	
2314	640954	4387	
2742	1945630	1791	
2320	731623	1695	
1960	996803	2073	
2122	764596	5011	
2816	1934508	2246	
1536	605298	1646	
1926	717515	4802	
1960	2016969	2236	
1504	790538	2061	
1399	778087	1650	
1365	679726	5000	
2003	2191222	2425	
1568	634996	2160	
1795	670257	2279	
2982	1745112	6998	
1566	1924259	1889	
1463	619721	4999	
1917	1958798	2178	
1409	692038	1794	
1843	617768	1937	
1749	801883	4738	
1926	1980813	2418	
1968	658163	2160	
1601	674470	2014	
1433	700500	3883	
1759	2045797	2526	
2554	701780	2008	
2132	681754	5174	
1909	1829517	2451	
1479	574578	2188	
1508	729854	2222	
1595	728448	4946	
2686	1943978	2152	
1612	585688	1992	
1567	654646	1589	
1736	657652	1960	
1461	647905	4144	
2035	1964407	2045	
1349	639482	1544	
1763	633095	1977	
2154	736598	5009	
2481	1925221	2269	
1480	656603	1926	
1469	736569	4930	
2459	1877974	2319	
2128	652415	2048	
1861	764604	1970	
2144	694804	5274	
2811	2263857	2598	
2026	733836	2028	
1992	698062	1931	
1976	623289	4685	
2651	1783536	2091	
2062	705006	2083	
1952	596531	1910	
1988	644499	4690	
2474	1932016	2483	
2046	671963	2129	
1970	654395	2183	
1999	598017	4603	
9420	2002132	2025	
1775	657065	1900	
1791	674552	2275	
1562	786783	5034	
2018	1813543	2172	
1618	635035	1985	
1981	655317	1753	
1403	565241	4763	
1897	1861726	2200	
1426	665235	2012	
1199	686239	1943	
1645	598451	4587	
2420	1841390	1780	
1415	680255	2015	
1443	682413	2008	
1728	670557	5571	
2048	1898651	2291	
1572	626557	1942	
1412	641336	1584	
1708	665747	4929	
2363	2000925	2037	
1399	702377	1963	
1468	671681	2148	
1451	642932	4717	
2035	1984639	2127	
1509	621067	2036	
1471	620180	1916	
1398	629705	4699	
1918	1879457	2152	
1489	660113	1927	
1597	673787	1667	
1780	608700	4900	
1870	1870465	2008	
1591	630394	2170	
1530	685959	1922	
1803	569756	8004	
1566	565431	4575	
1894	1785891	2202	
2196	640934	1639	
1990	636580	1605	
1957	653759	4502	
2654	2034064	1673	
2062	665301	1572	
2093	614620	1617	
2036	575558	4313	
2639	2036413	1706	
2106	669603	1636	
2031	652314	1564	
2015	657185	4695	
2662	2031856	1902	
1519	633379	1994	
1386	661039	1619	
2130	739954	4253	
2612	1861247	2091	
1776	686550	2124	
1521	728124	2109	
1508	670007	5506	
2090	1913653	2184	
1706	664938	2180	
1480	702106	2052	
1499	628614	4860	
1865	1949482	1815	
1527	685606	1971	
1796	642100	1918	
1708	596854	4710	
1936	1993571	2271	
2143	688718	1779	
1592	701589	1947	
1523	611336	4300	
2319	1785348	2098	
1433	657369	1958	
1915	694589	1908	
1690	657364	4777	
1913	1910192	1984	
1479	596239	1600	
1966	663320	1936	
1469	560846	3997	
2371	1740819	2006	
1465	586846	2026	
1467	717374	1568	
1328	655195	4748	
1846	1868728	2257	
2003	580332	1997	
1826	607619	2099	
1700	599663	2039	
1612	651152	4454	
1825	1743987	2186	
1514	599815	2129	
1819	671607	1607	
1771	743977	4127	
1916	2144818	2192	
1962	676271	1726	
2099	695565	2093	
2125	662871	4378	
1720	1975146	2134	
1531	613342	2182	
1829	739426	1626	
1292	719107	4383	
2561	1937160	1797	
1209	685524	1709	
1825	542001	1700	
1797	648342	3875	
2648	1873511	2128	
2138	661520	1794	
2009	582394	2088	
1853	704068	3826	
1638	2323813	1693	
1380	733160	1830	
1365	767625	4811	
1702	2248930	2086	
1506	643279	2040	
1622	728487	4736	
1856	2582091	2324	
1458	642810	1954	
1906	636981	4415	
1778	1875096	1583	
1277	645819	1586	
1192	654269	1987	
1382	676945	1912	
1265	656995	4471	
1794	1824319	2035	
1410	580742	1910	
1415	679886	1809	
1343	644655	4457	
1750	1932277	2182	
1824	672986	1918	
1338	659049	1862	
1323	584923	4295	
2266	1725429	1945	
1295	609156	1934	
1454	748424	1821	
1265	638500	4314	
1803	1906082	1907	
1289	670346	1915	
1308	710360	1646	
1946	661641	4756	
1871	1779007	1968	
1395	672156	1816	
1309	683211	1880	
1803	736077	4541	
1804	1967578	1940	
1287	619895	1956	
1306	576716	2054	
1320	634919	4651	
1749	1878745	2087	
1314	624426	1968	
2120	584676	1637	
1924	574944	1556	
2148	724968	4512	
1702	1886530	2098	
1380	792515	1634	
1359	708580	2047	
1495	603323	5025	
1847	1842998	2304	
1380	716325	2086	
1455	671136	1633	
1264	652337	4688	
1854	1928330	2089	
1271	636328	1666	
1718	576987	1712	
1627	736753	4351	
1752	2592315	2610	
2269	886312	5061	
1971	2525410	2420	
1563	629065	2126	
1538	700585	1975	
1798	691629	4709	
1931	1986870	2080	
1339	603330	1937	
1745	773086	5122	
1787	1971745	2102	
1422	715738	1992	
1400	659268	2206	
1345	654469	4782	
1776	2003326	2263	
1189	608790	2097	
1342	604741	2070	
1594	607873	4600	
2201	2072968	2280	
1571	673120	1849	
1495	600946	1945	
1846	626761	4528	
1795	1826675	2039	
1786	686091	1800	
1236	622191	1872	
1699	661427	3866	
1620	1913491	2190	
1452	766275	2251	
1430	664821	1750	
1828	648062	4801	
1696	1973082	1997	
1328	609085	2032	
1785	666845	2049	
1375	641777	8286	
1820	1973618	2082	
1294	682126	1971	
1297	715162	1638	
1229	611478	4679	
1765	1827062	2098	
1363	607748	2024	
1386	747384	2193	
1408	670330	4754	
2256	1924846	2300	
1339	634130	2025	
1280	605913	1921	
1276	653179	1820	
13540	627986	4694	
1755	1938925	1817	
1402	627097	1975	
1762	701162	2107	
1665	653449	7788	
1757	1788180	2039	
1368	680910	1980	
1421	625736	2068	
1676	649010	4677	
1814	1762210	2153	
1238	693163	2044	
1695	605345	1902	
1332	676834	4769	
1754	1755779	2341	
1451	644492	2050	
1440	597131	2076	
1925	648737	4598	
1790	1738517	1708	
1316	623423	2054	
1459	586914	2003	
1363	603401	1857	
1323	585774	4213	
1575	1850154	1645	
1205	621949	1932	
1728	704949	1978	
1426	632923	5491	
1820	2884719	2235	
1394	671629	1937	
1202	572141	4817	
2637	1977464	2143	
1763	624274	2065	
1752	580007	2077	
1320	648643	4893	
1728	1696019	2033	
1361	630511	1862	
1278	631885	2080	
1308	599497	2158	
2044	614453	4836	
2882	1993135	1948	
1377	558266	1730	
1376	653950	1555	
1267	627606	4153	
1632	2041266	1870	
2228	605857	2001	
1360	664347	1966	
1383	647533	4756	
1817	1969599	2340	
1357	603802	2052	
1380	647933	2029	
1398	638509	5111	
1935	1888804	2061	
1406	654877	1868	
1303	680425	2066	
1377	657503	4309	
1776	2013842	1837	
1326	635823	1886	
1208	682951	1920	
1277	1130047	5483	
3054	2098450	2310	
1341	666711	1518	
1300	663805	5096	
2725	2008705	2401	
1388	721954	1946	
1250	637715	2012	
1244	748045	5049	
1701	1956765	1913	
1279	675446	1646	
1316	597491	1785	
1358	583250	4484	
1689	2177466	2110	
1411	665251	1848	
1803	648641	4657	
1732	1937990	2030	
1341	636411	1978	
1206	576149	1958	
1346	628090	1966	
1334	675351	4717	
1694	1883987	2095	
1475	768190	2127	
1444	685734	5057	
1923	1907944	1962	
1468	704817	2009	
1383	654833	1640	
1297	649451	7145	
3834	1922771	1980	
1453	795375	2029	
1449	651326	2140	
1340	641504	4745	
1739	1931386	2279	
1457	663146	2075	
1277	710506	5047	
1226	625819	4686	
1772	2062999	2200	
1751	718752	1915	
1711	660055	2357	
2253	618701	4675	
2267	1928419	2132	
1924	669312	1756	
1693	684159	1863	
1679	704164	4542	
2311	2000873	2053	
1777	691018	1900	
1797	736011	1886	
1250	760555	4439	
1823	1738572	1913	
2057	600692	2031	
1513	587510	2111	
1458	644403	4893	
1809	1849624	2119	
1366	630164	1993	
1554	647318	1868	
1349	605290	4488	
1686	1906136	2210	
1952	593331	2251	
1367	658968	1917	
1742	594288	1921	
2600	1911113	6520	
1328	1922022	2161	
1345	599082	5067	
1834	1919971	1801	
1316	656125	2010	
1264	641809	1834	
1200	564950	4391	
1787	2006696	1817	
1339	695819	1901	
1285	631676	1949	
1348	674790	4568	
1695	1884367	2373	
2086	602064	2099	
1256	634329	2206	
1205	738297	4434	
2823	1988293	2068	
4844	615726	1663	
1898	697890	1907	
2004	712596	3938	
1715	1802191	1998	
1496	738535	2020	
1691	595611	1868	
1457	686676	4720	
1960	1755525	2154	
1425	589728	1959	
1345	614614	1602	
1255	665760	4404	
1781	2005598	1549	
1223	769767	1894	
1320	612448	2023	
1548	625152	4695	
1820	1967949	2122	
1348	672755	1791	
1339	616346	1598	
1234	623055	4571	
1730	2030766	1859	
1320	821981	2005	
1309	694546	1789	
1253	679025	4878	
5632	1801570	2108	
1338	691405	2065	
1405	660512	1901	
1300	710963	4738	
1859	2014845	2157	
1405	660849	2252	
1502	644245	2099	
1644	709476	4851	
1783	2006699	2046	
1369	649405	2013	
1297	659704	1452	
1207	685749	4505	
1829	1904057	2150	
1310	685030	1962	
1298	644161	1411	
1212	689694	3712	
1681	1866342	2028	
1348	588226	1921	
1390	652436	1983	
1429	717881	4967	
1888	1654674	2049	
1433	609253	1912	
1349	631035	1701	
1311	685842	4681	
1807	1861251	1960	
1340	611798	2022	
1332	651355	1999	
1560	693371	3914	
1706	1704394	1885	
1315	628818	2027	
1292	661887	2036	
1281	667472	2057	
1270	643931	4576	
1709	1893878	2066	
1390	681179	1961	
1489	658560	2061	
1266	593466	4951	
1777	1826260	2176	
1395	641129	1803	
1265	575630	2074	
1474	567917	4696	
1840	1791900	2216	
1325	646612	1922	
1344	580573	1840	
1337	572818	1830	
1299	768267	4781	
1722	1853061	2214	
1375	642140	2106	
2174	677101	2216	
1367	639251	4766	
1757	1839593	1948	
1296	654926	1836	
1230	660839	2029	
1697	585348	4704	
1739	1827549	2091	
1620	668587	2017	
1311	638598	1997	
1329	615983	4609	
1674	1799013	2125	
1323	611099	1990	
1339	577390	2028	
1389	502517	1659	
1694	565756	4654	
1791	1881036	2314	
1445	659920	2051	
1352	631033	1612	
1668	584274	4472	
1697	1957619	1981	
1373	678850	1497	
1199	655637	1905	
1480	775905	4946	
1812	1938323	2145	
1469	686959	2197	
1352	677212	1968	
1290	646299	4404	
1654	2041520	1842	
1241	672938	2071	
1367	643685	1995	
1339	662691	4496	
2417	2029385	2049	
1291	670235	1880	
1297	636563	1622	
1263	716083	4840	
1777	1891120	2055	
1303	655144	2213	
2193	766675	2194	
1295	603255	4575	
1806	1996020	2251	
1454	680643	2169	
1883	705257	2122	
1448	739566	4912	
1762	1751603	2181	
1406	680422	2154	
1389	655982	1962	
1411	668125	4490	
1803	1855477	1855	
1350	691073	2024	
1372	618334	1976	
1184	651989	4692	
1827	1891684	2110	
1632	811740	1758	
1312	812720	4750	
1776	2053650	2097	
1394	678849	1934	
1330	712624	1962	
1741	689947	4481	
2199	1844874	2081	
1349	677689	2032	
1857	627048	1662	
1695	737018	3859	
1618	1967883	2250	
1363	656080	2274	
1314	675351	2249	
1366	701926	4844	
2332	1851952	1791	
1297	785231	1617	
1357	636377	2075	
1370	650029	4527	
1649	1849830	2194	
1396	659036	2080	
1474	657988	1865	
1230	680998	4578	
2249	1743327	1645	
1206	641814	2023	
1303	674547	1941	
1238	666579	4880	
1815	1851291	2306	
1979	673856	2312	
1434	895649	1886	
1318	633515	5034	
2311	2262386	1860	
1509	676748	1990	
1349	706710	1916	
1649	738872	4947	
2526	1820392	2014	
1366	718538	2031	
1304	762639	4829	
1765	1849102	2155	
1360	636809	1930	
1303	721003	2010	
2020	686783	4078	
1656	1849090	1683	
1339	615051	2184	
1448	565894	2048	
1338	585170	1939	
1452	659495	4929	
1789	1936684	2217	
1463	653383	2052	
1458	634829	2013	
1747	614586	4989	
2300	1936596	2312	
1493	627214	1774	
1240	646703	1866	
1311	587580	4056	
1866	2129985	2281	
4983	570155	2125	
1419	656140	2383	
1569	562465	4632	
1866	1904319	2059	
1423	677515	2151	
1456	617319	2049	
1378	725786	4326	
1640	1836236	2017	
1445	571299	2162	
1408	621348	1935	
1388	561893	2048	
1402	643873	5071	
1928	1986137	2606	
1452	671246	2080	
1271	611289	1964	
1199	716526	4918	
1639	1985531	2309	
1436	592412	1953	
1648	524755	1920	
1292	638766	4626	
1717	1976382	2284	
1240	712495	2000	
1320	660985	1890	
1308	682409	4174	
1767	1916109	1519	
1293	603724	1793	
1355	706623	1754	
1323	736718	4136	
1714	1977329	1889	
1272	645468	1909	
1364	761254	4526	
1727	1870209	1620	
1275	653707	1806	
1216	608279	1599	
1297	719742	1817	
1285	626774	3900	
1713	1832310	2098	
1308	766546	1488	
1239	763023	3926	
1745	1869141	1897	
1305	654352	1813	
1330	611920	1871	
1267	722690	1860	
1332	612260	4556	
1707	1794118	2017	
1253	712674	1923	
1238	627900	1951	
1310	743194	4840	
1774	1902571	2164	
1359	720373	2003	
1306	633431	1914	
1238	589557	4377	
