Bench : /home/adithya_bhatp/gitRepository/NFS_FUSE_Implementation/benchmark/zzzTemp.txt : len : 60000 loops : 1000
WRITE	FSYNC	READ
24182	2964199	41448	
24239	4044348	17158	
19844	2869601	16041	
18774	3173044	20489	
26106	3063220	19209	
20631	2860514	19234	
19819	2753150	18060	
22169	2732536	18800	
19014	2775722	22217	
18129	2661386	19102	
16458	2800275	52795	
15654	2495606	20308	
18462	2760184	26137	
28887	2472528	25329	
17963	2831253	23133	
18206	2519503	23707	
17000	2639081	20393	
16293	2900262	18367	
16435	2907173	19146	
19900	2942247	20725	
17853	2604999	22166	
19164	2747393	22656	
19863	2658504	17965	
15379	2473187	17152	
15736	2369315	18080	
15609	2540372	16307	
17337	2732217	19860	
20720	2556295	19062	
17000	2603510	16612	
16340	2846262	25211	
21028	2583754	18194	
15831	2636979	16587	
15812	2715181	16599	
16554	2604524	17522	
16315	2597773	19641	
23024	2408067	14800	
18615	2501888	16506	
17958	2540550	17860	
16198	2646679	19708	
22444	2820083	16334	
19469	3062708	20671	
20342	2873991	15619	
15510	2931698	15438	
16920	2482410	16545	
20274	2419338	13408	
22526	2871723	18112	
18823	2867890	17399	
18490	2861879	14654	
17631	2692879	16370	
17689	2334419	18596	
15873	2410574	16515	
18231	2585233	20182	
16095	2642759	16705	
18205	2742139	13490	
17845	2681647	16742	
16554	6153539	19138	
16669	2805510	19792	
22750	2689653	19526	
22949	2650179	18630	
23125	2868821	19866	
35791	2689691	24093	
23340	2724599	19145	
23600	2765733	18383	
24442	2747515	22198	
24418	2940314	20267	
24287	2962395	19912	
19975	2665081	20275	
21987	2829191	20378	
23193	2737286	20658	
22171	2687566	19393	
22563	2855566	19130	
23768	2693709	20923	
22466	2565004	22488	
29660	2778569	20423	
23534	2832335	19493	
22919	2639737	21947	
25361	2639088	18263	
25957	2484090	17331	
24302	2473023	20113	
31498	2916385	22558	
22998	2656175	19762	
22047	2942127	19333	
22849	2961921	19893	
22958	2934586	21088	
23882	2756817	24923	
22769	2881199	21818	
32640	2454088	20975	
25615	2652270	21519	
22184	2557579	19793	
22488	2575898	19573	
22554	2585677	18406	
23189	2567892	18873	
22157	2864990	18244	
21008	2854528	26667	
19055	2525416	20743	
24671	2704604	20578	
21784	2691965	20275	
23755	2639794	22631	
22793	2259356	21664	
20917	2623984	19624	
21489	2758388	20285	
21145	2403224	20326	
22097	2635600	19974	
22691	2900404	18953	
23815	2971292	21261	
24641	2923362	19589	
23212	2567930	19075	
23713	2837978	19590	
22708	2786950	19428	
23107	2863779	19038	
23727	2297765	19124	
26328	2606690	27912	
24305	2656027	18296	
23858	2734306	18523	
23257	2622092	17090	
22189	2619769	20099	
23597	2589407	21149	
26967	2651864	19491	
22633	2581752	18333	
23050	2803916	18339	
22959	2402312	19824	
23049	2674574	19308	
23423	2381746	21042	
23652	2860346	21298	
22900	3076457	41936	
41193	2753258	22733	
22885	2524414	19890	
27298	2513063	20856	
23077	2208718	19404	
22840	2729875	18180	
25758	2656374	22021	
24138	2834985	19781	
23092	2757490	19471	
22813	2882038	21555	
27382	2720639	20886	
23085	2876419	23657	
22468	2708395	23047	
23411	2634767	19974	
27657	2682663	27969	
23942	2660239	21545	
23605	3142954	22747	
24089	2795260	18903	
23406	2947288	20000	
22668	2911767	17781	
22359	2675692	19679	
23506	2731820	18683	
23280	2692148	18627	
23511	2600667	18846	
23200	2633080	19556	
23316	2608910	19217	
25150	2553036	20006	
24411	2574508	22529	
26700	2529603	36112	
22812	2630559	21718	
24884	2659989	20333	
25258	2581526	17559	
23579	2317759	18508	
24940	2733587	18618	
26060	2939524	19946	
24029	2294000	21600	
24211	2910060	18325	
23418	2864628	22597	
27821	2769059	20103	
22779	12123035	29811	
19905	2883201	19120	
25040	2695861	19577	
22177	2467882	18752	
22300	2629562	18008	
22662	2229839	19193	
22903	2818644	19448	
25081	2883920	19290	
23487	2611913	17922	
27227	2626339	21330	
25877	2720799	24792	
25791	2858895	20360	
22897	2648609	20436	
24170	2502137	19737	
24766	2683145	17668	
23809	2664807	18880	
23023	2404274	20937	
24652	2970131	20174	
23397	2618539	19460	
24824	2431991	18851	
22262	2944905	18949	
21280	2873465	20554	
26211	2967461	20755	
28056	2558921	20061	
23732	2607766	20232	
23261	2823926	19230	
23202	2803488	18787	
27735	2947422	25637	
23334	3549118	19400	
25204	2728962	20448	
21258	2930099	19698	
20513	2688337	19381	
31191	3205684	23831	
24708	2946442	20329	
25852	2476184	20252	
26157	2588497	19002	
32946	2568115	19197	
24153	2541093	18687	
24296	2589302	17302	
24347	2486230	19234	
24210	2738217	19149	
22093	2624249	19261	
22434	2543922	19735	
30243	2725403	19838	
23875	2846056	20438	
23895	2960762	19600	
26990	2723803	19779	
25111	2547628	23435	
29570	2309045	18139	
25480	2618895	19255	
25508	2723338	17736	
22373	2769747	20066	
25611	2569943	18577	
25277	2673314	18269	
23506	2598519	21092	
27189	2687123	18779	
27767	2518225	17580	
23297	2354780	18817	
25633	2626632	19682	
22860	2543474	19728	
22377	2815157	19102	
23360	2604070	18334	
22756	2819026	18863	
22908	2582222	17214	
23406	2831990	18280	
23303	2871957	22301	
23728	2376036	17659	
22268	2713101	18841	
23630	2346681	17857	
24425	2621870	19188	
23551	2524112	18289	
21143	2389065	18347	
22976	2717057	18887	
23193	2606654	19365	
23134	2119577	18976	
24488	2602408	20293	
24413	2720690	18625	
25112	2659110	18822	
23204	2652052	18219	
22719	2295572	14384	
23808	2860801	19883	
22877	2839742	18616	
22600	2841112	17780	
22926	2778119	17740	
25317	2641847	18325	
22515	2896517	18987	
23161	2331382	19621	
23420	2310873	19120	
23648	2782756	19979	
23797	2820896	19342	
22151	2634923	19688	
23364	2751781	19537	
22943	2624567	18876	
22267	2750673	19399	
31885	2679513	19249	
25292	2679342	35428	
24401	2695621	19616	
25177	2537702	19653	
23092	2833082	19064	
31193	2829538	18798	
21627	2405514	18257	
22881	2566491	18760	
22138	2789743	18370	
22895	2427478	18143	
23462	2642505	18605	
23109	2519478	18577	
28741	2497827	18493	
23125	7567931	23077	
17417	2803016	19210	
19502	2780061	19207	
23614	2769354	19560	
23138	2965651	19327	
20822	2732882	17522	
22490	2861479	16845	
23347	2682586	17712	
24014	2569551	17135	
22620	2698498	17567	
23869	2672791	20044	
23089	2590566	20258	
31401	2423693	17289	
25034	2944171	19490	
22483	2666850	20909	
23620	2913312	19727	
21999	2670278	19134	
26626	2524656	18954	
24359	2612992	20413	
25887	2436964	22197	
28071	2660656	17769	
23176	2768479	19977	
30204	2628425	19107	
24169	2421905	18674	
26384	17762029	28062	
22548	2747757	17879	
30258	2667460	18826	
31053	2965702	20030	
30722	2713577	17947	
29474	2825407	18385	
30905	2592244	17505	
24261	2642564	18965	
21741	2279011	17690	
23998	2677346	18087	
24002	3069294	20568	
26554	2835589	20085	
23702	2723903	19678	
27147	2308413	19835	
24311	2719203	19352	
25336	2712639	22500	
24810	2776693	20752	
27067	2255856	20388	
25269	2791276	21181	
23714	2723807	19397	
24764	3047559	18684	
23668	2774206	19650	
46261	2894026	17291	
23000	3086929	17555	
25254	2732780	20383	
32797	2883228	19702	
24225	2620778	19807	
22997	2588442	19346	
25704	2612471	18478	
26134	2722171	21846	
26133	2361820	21215	
25089	2756094	20754	
22047	2676372	20366	
21822	2466120	21210	
24660	2726228	18160	
23660	2533191	19855	
24967	2709481	18209	
24162	2881757	20429	
24447	2714961	20192	
24628	2598790	19566	
23213	2220947	17267	
24627	2663703	19276	
23911	2850831	19433	
25196	2562078	20232	
26811	2628893	17173	
23950	2829679	19721	
30484	2586109	18643	
24837	3006351	18933	
24770	2464328	19410	
22964	2729857	19074	
25336	2531851	18452	
24425	2569442	16562	
23020	2648579	18418	
22454	2530206	17964	
29006	2420745	18793	
24910	2572033	18527	
23193	2720510	22425	
23097	2406150	20619	
23461	2626719	19152	
22773	2711715	17307	
23344	2984298	20203	
35193	2676678	19341	
22149	2437087	17852	
25408	2750925	19886	
26645	2711749	19539	
24011	2484853	19348	
22175	2494164	18511	
22354	2427058	19979	
23160	2320690	18140	
23566	2731189	19691	
21855	2675116	17820	
24608	2908459	19462	
22657	2421627	20019	
23203	2827010	19546	
22023	2866933	18737	
23600	2784361	19616	
23550	2936955	19169	
26803	3091755	18943	
22456	2714442	24534	
23435	2585633	19437	
23602	2555061	18395	
26765	2904308	18030	
22231	2664987	17687	
24201	6623319	19196	
21394	2659105	18358	
25637	2649319	18302	
23441	2680302	19709	
28333	2610185	23618	
22840	2856954	16128	
22830	2576848	19185	
23060	2435217	18377	
27312	2589639	19651	
22834	2721741	18071	
23349	2616853	18399	
23378	2576036	16611	
25203	2591412	20097	
32509	2861451	20073	
24004	2662648	19388	
22593	2731476	17935	
23650	2948527	19158	
28414	2625791	18914	
25007	2704306	19969	
24731	2800139	19052	
25189	2597302	19491	
24952	2532228	17720	
24061	2803320	19555	
24693	2689870	17669	
22975	2643708	17829	
22974	2718325	18650	
25043	2731705	19198	
22018	2868957	17014	
28027	2409484	18559	
23739	2386465	18971	
24245	2489751	18936	
22884	2644190	18677	
22597	2844314	18504	
22777	2931708	18483	
22603	2852542	18948	
23680	2614585	18687	
24931	2226272	18494	
22002	2764889	18708	
24738	2831173	20478	
28638	2615511	21788	
24333	2708697	19185	
23413	2491551	19189	
26189	2597095	31666	
22379	3103260	19540	
22992	2594842	18584	
22726	2504020	21027	
26774	2792970	19038	
25546	2434620	25323	
27743	2831776	19103	
21966	2778182	17564	
21009	2474565	17527	
24854	2852922	17352	
23886	2648709	18783	
23883	2060639	19073	
21624	2264082	17918	
21563	2593168	19224	
23857	2542662	17406	
23292	2893754	17599	
25950	2623711	17703	
23609	2559117	17574	
22434	2572507	18569	
26140	2673270	18518	
24856	2225044	18258	
25342	2354887	20061	
23882	2534436	17891	
23187	2648251	34561	
23085	2688001	19687	
21873	2672516	18277	
22620	2627491	18570	
23324	2434144	22089	
25983	2414430	19146	
21971	2721429	18363	
24070	2844128	22536	
23280	2870781	17944	
24044	2749105	19376	
24169	2703417	19601	
24673	2991607	18629	
24657	2931927	17982	
28940	2859698	19041	
22012	2706965	18975	
25338	2659334	20561	
27284	2777215	19297	
21791	2583656	18236	
30760	2697705	20444	
23498	2920628	19836	
24752	2651862	19573	
30542	2798888	20200	
35569	2509008	18174	
26014	2674996	17373	
26431	2635116	21674	
26820	2606810	18736	
23355	2732586	20283	
22170	2566396	24217	
22499	2648511	20986	
23614	2556978	25752	
24036	2323054	18975	
26197	2599417	24690	
22026	2751201	21698	
21954	2651504	18463	
22547	2254054	18020	
21177	2687192	18165	
21624	2890429	18290	
23474	2557399	24249	
23032	2660309	19195	
23184	2645302	18608	
23024	2580716	18039	
28661	2461443	19256	
23584	7266068	18426	
20864	2830310	21660	
34821	2874299	18937	
23082	2592212	18435	
24344	2641025	19189	
25125	2754403	17463	
22908	2223230	18110	
22822	2322567	19323	
23260	2983387	20446	
33237	2754255	19382	
23413	2630042	16440	
25339	2711452	18120	
26394	2804641	19603	
24099	2756201	18422	
30920	2761080	18806	
21103	2803741	19164	
23049	2928945	20631	
21040	2624127	18566	
21404	2734260	19583	
19284	2340362	17035	
20294	2706490	17908	
21078	2638612	17573	
21696	2704918	18297	
20605	2664904	18838	
21376	2834597	18815	
22317	2774413	18340	
24118	3466181	18260	
21026	2891597	18562	
23315	2896775	18555	
21180	2756665	18160	
23929	2974677	20789	
31183	2864107	17289	
22491	2900886	20356	
31305	2602171	17530	
25277	2405413	18292	
25143	2822541	21864	
25139	2705013	32415	
22965	2848459	19523	
29184	2804679	20658	
32423	2862626	20585	
28958	2839032	20064	
29254	2781361	24820	
31366	2592735	22434	
31295	2650741	23686	
30180	2688378	22236	
26711	2865428	18303	
21537	2733879	18487	
22076	2647140	18802	
21406	2664288	19368	
26235	2838750	16774	
23413	2556629	18020	
22034	2333821	18449	
23930	2760774	18422	
23198	2685157	19785	
20797	2332054	20091	
32863	2666067	20000	
23323	2576928	17500	
23019	2804107	19525	
22857	2671446	19953	
22205	2681028	20226	
25036	2381738	19450	
23299	2722207	22132	
31684	2745662	20913	
24941	2784316	21315	
28817	2418773	18732	
22326	2721837	18221	
23111	2794493	18778	
22656	2748341	18584	
31466	3523859	17778	
24003	3345158	20113	
23168	2649630	18082	
22465	2776932	17733	
22941	2310277	19003	
23012	2637915	18512	
34097	2381490	18854	
23131	2288504	18678	
23491	2638837	18712	
22668	2853207	18957	
24135	2705037	19254	
22894	2596869	19294	
24582	2721855	18561	
23567	2702935	18935	
23591	2878641	18684	
22463	2631731	18408	
24637	2719164	18997	
23387	2654448	18922	
21906	2710936	20221	
22667	2608750	19282	
26776	2894638	18280	
23113	2860262	19582	
22836	2668199	19343	
20890	2326237	18037	
23498	2785496	19299	
21922	2227923	19405	
25558	2858853	19122	
21616	2729875	18447	
22758	2486409	19238	
24268	2580390	19045	
23403	2624608	19364	
22926	2676642	19557	
23463	2779005	19063	
23004	2852412	18288	
23139	3066831	22459	
26168	2850105	20546	
23616	2599537	20432	
25072	2737667	19550	
23468	2729574	18436	
23199	6308782	25131	
20552	2855771	20273	
22451	2867839	17996	
22499	2720775	19038	
20694	2564132	30538	
23054	2910681	13287	
15657	2482602	15580	
17445	2779630	34589	
15694	2565500	14787	
18400	2810701	13202	
15734	2490317	14867	
13640	2358025	14747	
14963	2514899	15489	
14995	2543476	17496	
15994	2658823	12558	
18324	2850730	15622	
15056	2631099	15123	
19017	2319851	14744	
15113	2451781	14873	
15031	2646721	16498	
16023	2651787	16406	
15748	2267918	13326	
16645	2783813	18738	
15267	2660444	16455	
17136	2822769	17162	
16391	2601009	14260	
18207	2722862	14622	
15792	2686499	16383	
15879	2868052	14748	
16862	2675052	15143	
12908	2736561	16782	
17749	2714919	14388	
18949	2844272	15404	
15248	2810486	15797	
15243	2644330	16087	
15642	2923947	15746	
15083	2651305	16642	
19726	2660609	15710	
16298	2793798	13008	
15497	2716073	15614	
16574	2644134	15287	
18828	3015478	17212	
16163	2699492	15780	
15900	2925535	16050	
14809	2707060	15831	
19034	2806398	15593	
19944	2559553	15734	
16014	2803490	13415	
15748	2896615	17142	
15097	2944487	13252	
16988	2752832	13185	
16617	2922515	15950	
26240	2702235	18508	
26063	3062516	16708	
26069	2974067	17140	
25786	2914274	21649	
32604	2776475	20677	
32016	3309656	23635	
31594	2892812	21873	
47252	2966312	22942	
31605	2721345	23610	
32732	2612850	21484	
25818	2686055	24770	
23063	2843690	18871	
22020	2825519	19322	
22792	3601205	18702	
21215	2789404	15742	
14744	2899618	16289	
15965	2890021	15983	
20460	2648191	17106	
17212	3229032	16049	
16055	2479133	15143	
17368	2443301	14426	
19486	2358077	14113	
15362	2676698	14738	
19800	2679101	13497	
15235	2194265	13749	
17131	2658419	13725	
16128	2498331	15315	
15912	2671847	12862	
18440	2686037	14232	
16975	2414482	16799	
17986	2384382	15376	
17219	2195352	15566	
15595	2937338	16111	
15515	2740819	16094	
16322	2653887	16258	
18413	2380525	16306	
17048	2756605	17450	
16515	2755035	15876	
18772	3011189	48143	
18028	2808852	17748	
16883	2742853	18654	
17540	2919752	16825	
16960	2773738	15985	
16772	2335552	14734	
16727	2515443	16220	
14834	2655183	21385	
16074	2684512	14706	
15295	2471365	16062	
19568	2667499	15072	
15491	2774654	15819	
15482	2719994	15706	
16372	2588089	14849	
16142	2761375	12283	
16737	2442114	12792	
15880	2756473	14171	
16164	6098887	20026	
16442	2628270	16954	
15725	3016673	16454	
15534	2728890	15006	
15903	2759478	12505	
15317	2564813	13478	
15107	2573511	13191	
14825	2724839	14907	
15130	2849078	12858	
15245	2483971	14538	
15501	2856704	13583	
15271	2668254	13841	
15536	2538345	15944	
16079	2546525	15249	
17902	2553769	15364	
15217	2547706	14911	
25843	2284242	15490	
17881	2539789	14959	
19440	2558411	15571	
18438	2523969	13889	
17724	2439938	14324	
17922	2542433	14029	
18966	2715802	13854	
16479	2753055	14632	
16195	2577651	18357	
26037	2831309	16158	
16220	2343455	16318	
17904	2691956	12102	
17832	2461059	15155	
17891	2460435	14133	
15186	2676963	12442	
15180	2898877	16033	
16085	2706082	14050	
15723	2754835	14198	
15678	2835350	18140	
15969	2601618	14597	
15686	2729443	15147	
15658	2572315	13367	
15674	2388927	15882	
18558	2181970	14516	
15560	2775138	14805	
15762	2544513	14115	
20097	2615689	15856	
16031	2666840	14580	
16205	2711821	15346	
15710	2787448	13700	
15324	2803079	14147	
16305	2826964	16364	
15821	2976224	12979	
17726	2679874	14550	
15481	3006226	15544	
24149	2864688	17637	
15996	2804268	14830	
16704	2448739	19606	
15483	2780289	12925	
15822	2750669	14967	
14702	2484894	14269	
15671	2669531	15482	
15828	2770227	15396	
16952	2923761	15240	
15641	2198993	14906	
15412	2639877	13869	
15222	2424226	15768	
16085	2736587	15296	
23206	2810442	14640	
23378	2391377	13427	
22577	2667781	14926	
17029	2613344	15520	
16648	2327016	13206	
15282	2555380	18861	
20058	2674978	16406	
19235	3025449	15793	
20876	2881965	17792	
17556	2407623	14687	
17257	2307756	16338	
17460	2506664	14563	
17623	2688779	16822	
18827	2546562	18460	
17568	2405299	15458	
15254	2462833	13588	
18821	2739159	14918	
16546	2555936	13867	
15784	2669804	12873	
15785	2661414	14282	
14414	2656588	14276	
16443	2646224	15320	
16063	2747463	14432	
15943	2691778	14573	
18845	2683817	13594	
15809	2662419	17175	
18543	2713506	16898	
18528	2634163	14853	
16946	2557427	15614	
18684	2843973	18273	
17012	2804696	17279	
18158	2579549	16846	
17137	2549728	15892	
16281	2866242	15509	
25671	2645639	15778	
14302	2721779	13413	
18341	2533029	13708	
23711	2468725	13933	
18539	2533203	12908	
18149	2527582	16845	
19488	2757773	19115	
19155	2675711	15658	
18888	2834746	16157	
18134	6848811	28939	
28693	2927317	19105	
20004	2679915	15278	
19902	2959643	16514	
24526	2672559	14494	
16995	2696214	22854	
24417	2541806	15368	
21612	2611482	17272	
25207	2602024	16002	
33140	2797348	22058	
18244	2870715	20162	
16025	2878067	17028	
15555	2709066	16907	
17213	2798139	19652	
15518	2664686	16601	
15247	2516719	16551	
15883	3142652	15743	
15388	3275170	17009	
17235	3102818	15998	
16016	3266075	13980	
18180	2633887	15011	
15148	3366834	13603	
15248	2706278	15750	
15768	2829168	14303	
16247	2755725	19396	
15555	2628850	14790	
18074	2793141	14922	
17730	3105991	16694	
17256	2597182	16335	
18847	2466738	15483	
16951	2553520	25581	
15302	2568970	15440	
20472	2761889	16106	
15673	2498959	15452	
16246	2691750	14940	
15327	2677014	14568	
15118	2540668	15060	
15380	2853925	15494	
15609	2751645	15283	
15264	2741207	14691	
15563	2752821	15170	
15278	2807324	15483	
15931	2795841	15342	
16031	2716070	21452	
19205	2592505	15227	
16373	2621642	14620	
16204	2949644	13189	
18152	2563231	12800	
15205	2617273	15339	
15532	2759479	14894	
16595	2840643	14737	
15233	3050159	15554	
15686	2351662	12429	
19384	2752326	14660	
15653	2820812	17237	
19398	2909063	19157	
20920	2622015	17667	
19996	2957967	14614	
18518	2916168	13525	
25172	2530655	14556	
15587	2654265	14079	
15743	2238017	16998	
17448	2597980	15234	
15893	2956567	20095	
18661	2335187	14793	
16363	2712406	15994	
16100	2543720	15441	
15780	3095427	15284	
16462	2226309	15220	
16118	2239551	14268	
15435	2826153	16299	
17811	2697065	14753	
15094	2998698	19168	
15202	2517744	16450	
15397	2560339	15224	
15422	2686942	15871	
16909	2697257	14550	
17456	2729876	15965	
16665	2963962	17346	
17076	3313557	15468	
19812	2726412	29995	
19514	2451160	19414	
16266	2793987	15129	
15281	2897092	14817	
15331	2813818	14431	
16946	2848886	15606	
18017	2369451	11646	
15935	2909498	15669	
17987	2769149	15102	
17037	2624013	16153	
15646	2419345	14873	
17192	2619855	15303	
16736	2697022	14997	
17612	2765404	15845	
17249	2654276	14973	
19423	2719289	15568	
17683	2598364	15329	
19369	2245324	15448	
16410	2952491	16011	
23993	2602710	15570	
16559	2695457	14029	
17789	2794703	15864	
20080	2643803	12742	
18960	2532025	15200	
16700	2799345	14874	
16078	2588772	15817	
17054	2692299	14392	
18633	6502847	27374	
16683	2703066	14925	
18417	2841322	14670	
17834	3010086	17520	
26084	2923573	16851	
21195	2739677	16054	
19724	2581689	32865	
19987	2485024	16088	
18159	2654260	12759	
24427	2726618	14872	
17643	2514921	12824	
16353	2759418	13383	
16657	2632536	14459	
15018	2316783	14340	
14975	2447517	15060	
15551	2719424	12678	
16425	2839145	14618	
18971	2947643	13438	
24339	2482064	15150	
18173	2770518	15832	
23601	2613727	14240	
19069	2913244	12840	
23499	2782927	15883	
19443	2569917	16041	
17743	2683683	15758	
22980	2721443	15448	
17404	2386736	24410	
42377	2899382	21631	
25971	2826281	17873	
32487	2926394	20662	
33400	2809337	20280	
30032	2542870	19708	
22476	2800326	18909	
22313	2631414	18540	
26980	3437056	19706	
21840	2725904	18658	
22056	2776418	30831	
21656	2650052	14393	
15586	2685536	12879	
16560	2782523	15998	
15146	2594809	14657	
14789	2695678	14124	
15046	3030526	13128	
15197	2530982	14382	
15100	2568089	14935	
15298	2212230	14632	
15243	2640062	14683	
15918	2597197	15060	
17527	2591250	15088	
16897	2642857	14673	
15199	2530398	13872	
17003	2856865	14946	
16113	2756936	12514	
17584	2705940	15940	
18444	2660047	16137	
17790	3063748	15175	
15392	2737542	17898	
14862	2914764	16406	
23692	2716361	17105	
24061	2787839	16532	
21075	2441677	16393	
18064	2690467	13489	
16256	2636700	15727	
23698	2665113	17594	
18913	2683074	15466	
45488	2858818	17962	
15554	2575920	12507	
15951	2540836	15804	
16127	2436799	17157	
23985	2604371	14992	
15242	2820332	15967	
17392	2735850	16878	
17450	2612260	14884	
17817	2995621	14648	
16968	2709067	14368	
15369	2634148	14912	
15613	2705618	12478	
19282	2520059	14151	
15783	2722721	14081	
18281	2569216	13860	
15629	2353419	13591	
15346	2472322	12534	
17011	2762209	13508	
15446	2651158	12311	
16659	2515040	14362	
15463	2736704	14902	
15267	2749319	14721	
16984	2562720	16254	
