Bench : /home/adithya_bhatp/gitRepository/NFS_FUSE_Implementation/client_side/v4/mtpt/zzzTemp.txt : len : 10 loops : 1000
WRITE	FSYNC	READ
106623	55363	68665	
50277	48632	965	
39017	47133	803	
37719	41186	724	
36190	40900	718	
40241	44243	766	
37055	41367	706	
35930	40495	704	
36045	44582	1098	
39389	41876	751	
47580	43887	859	
87247	49264	697	
45547	61297	716	
42730	43050	692	
44922	44838	932	
37101	41328	705	
36033	41219	697	
36467	41265	676	
36276	40694	635	
59998	45708	658	
37916	40787	666	
36292	41097	659	
36201	46409	801	
37345	41633	687	
70479	45309	686	
88814	54054	928	
39807	70916	1137	
59983	49729	777	
37865	41950	720	
36757	41262	715	
36378	41060	712	
36205	41026	719	
36219	43000	724	
36974	102943	1337	
47740	44585	826	
40397	41542	771	
36460	41151	778	
36635	40760	711	
36287	51165	1273	
39875	42220	766	
36412	40673	727	
60961	65972	1437	
46649	93122	1046	
41385	44799	800	
38439	42802	775	
38150	72358	873	
50089	45122	729	
75161	63247	716	
70919	58727	753	
40220	43687	745	
45079	42674	726	
68706	52081	805	
43984	43903	798	
37962	43420	1203	
92190	96113	860	
49949	85897	942	
60241	48074	776	
101827	60831	845	
42093	49352	837	
39821	53671	987	
43533	44024	774	
38449	43094	715	
38604	42374	670	
38675	42460	694	
37162	42672	654	
39713	131583	1220	
76084	50639	808	
41185	44155	735	
163554	89611	1427	
50168	51295	1007	
104540	67406	1217	
44407	50055	877	
48784	48024	1109	
42117	43793	813	
38289	42363	700	
36962	83918	826	
58627	63298	913	
86919	129948	1773	
52855	57625	1036	
42857	50999	1237	
46840	51985	837	
40474	42927	757	
37518	42375	745	
90146	108931	914	
46592	45452	691	
41536	43257	757	
37160	87220	1098	
45616	45351	748	
37407	56216	735	
44671	58878	1211	
45479	55699	820	
56829	48669	727	
37914	88423	802	
149628	82196	1422	
47658	80409	1031	
52267	47487	784	
39974	48734	751	
39472	52393	714	
39839	48859	730	
190285	76117	1414	
47367	47177	855	
40751	44061	714	
50724	47599	713	
39584	43597	657	
38528	43546	665	
38766	43077	625	
37357	43220	644	
37448	88923	920	
44808	44449	677	
38849	43225	656	
38694	47966	700	
39253	43202	673	
38573	114239	630	
40249	43259	640	
152197	132881	1646	
105753	85857	1164	
45134	46525	827	
45326	43643	762	
38164	42978	695	
46811	59239	980	
87054	57160	914	
132702	59152	1221	
42050	60473	893	
48708	101681	1022	
44163	102811	868	
40911	51135	837	
174883	54005	953	
44577	44790	803	
38552	52094	775	
76330	122873	864	
138094	135755	1474	
87542	133306	1367	
54692	56155	871	
45254	49121	878	
51637	56851	907	
44196	105960	920	
48035	48366	838	
42590	46727	816	
42684	56871	895	
43678	50714	878	
42293	46753	767	
42386	46499	782	
43900	92733	862	
44195	47489	774	
77035	124286	1622	
59402	53585	1000	
43421	47835	815	
46479	47548	832	
47320	51793	815	
42806	47163	791	
42786	47563	787	
74768	64105	1154	
47997	48720	718	
43074	60829	900	
43589	47805	754	
73080	62420	1327	
51640	141897	1003	
66717	66481	966	
47668	50516	706	
44865	49833	835	
90105	162073	1206	
44276	45686	818	
39250	44513	1146	
47636	49326	1007	
39179	44802	1171	
43126	43664	751	
76412	70088	1346	
54707	47864	833	
40214	44342	692	
38323	48043	760	
40553	44716	1147	
66714	63507	985	
40426	50291	940	
39422	43808	724	
40203	46606	780	
38077	43072	726	
38149	42615	760	
41718	43387	740	
37984	42725	705	
52686	84066	1237	
44862	45949	868	
38259	43413	789	
38106	42737	726	
37725	42368	734	
37077	42901	733	
73260	60264	1251	
40877	44470	837	
41699	72452	787	
54520	47436	742	
100182	55759	785	
39658	43233	729	
36546	42656	719	
101743	49030	782	
40180	50403	763	
38436	46769	1150	
49552	72502	880	
47647	50004	834	
38833	69941	931	
47374	70132	1830	
61323	58132	875	
45957	49551	837	
43861	48066	782	
42396	47339	771	
42482	46877	728	
45588	47213	671	
43953	94482	840	
54769	51161	691	
44597	48080	683	
42821	48488	686	
42991	47307	698	
42870	47313	691	
42084	47497	695	
42063	47124	671	
42851	88637	1399	
54871	55126	1186	
84200	63012	933	
47358	55100	1218	
47076	53560	829	
43550	47930	773	
49643	61251	938	
43977	47413	750	
42250	47037	733	
42900	48071	734	
42206	47340	711	
50924	51866	797	
42917	47088	720	
41661	46502	712	
50462	54491	866	
43935	47703	701	
48677	48931	769	
42831	46405	710	
44154	46384	718	
94273	103565	1433	
128268	83100	1616	
51267	58807	1396	
44233	73822	854	
40059	43394	829	
37520	42308	696	
36720	42257	697	
39067	79566	1388	
44674	46989	857	
39233	163814	988	
52254	47827	876	
40364	43957	780	
37175	46325	787	
38947	54166	1129	
83571	50923	817	
40752	44493	753	
43027	43852	740	
38869	43586	765	
37869	51604	771	
39334	46386	769	
38811	43324	760	
122190	49670	762	
40023	42996	718	
48880	43822	794	
37198	41831	762	
38155	83360	751	
43751	44702	692	
38131	42930	708	
75251	47127	860	
39204	42570	743	
37209	53005	1191	
85428	55211	837	
47325	48460	1066	
92700	55970	966	
61367	85626	1309	
59815	73284	1029	
43479	46354	1094	
47550	55492	1006	
43147	43682	785	
38446	71076	894	
53017	48601	813	
40196	43934	743	
136389	63159	877	
146120	67632	1314	
44076	49620	829	
39270	44236	799	
40723	44223	744	
39101	45069	807	
37860	43257	722	
36966	42146	715	
37884	42000	749	
36951	42849	769	
37234	42822	763	
48400	43861	774	
37100	42509	761	
38119	42641	788	
37527	150820	1242	
44309	46742	809	
37531	42405	775	
129057	49137	721	
38354	42504	727	
37130	42161	702	
81645	50466	877	
37747	42665	730	
42023	51202	698	
40385	41786	696	
36092	41135	704	
35360	41302	715	
36225	40354	726	
35404	41230	710	
93026	45322	884	
37635	42925	749	
136015	102691	1322	
60018	60449	1333	
97049	54672	957	
45434	56148	862	
43201	47828	779	
42714	46908	783	
41917	109278	939	
43192	124050	1764	
97209	63691	1004	
47871	118003	1127	
59717	53607	913	
44164	48689	824	
42326	47943	812	
42150	47031	749	
42530	56664	744	
84915	50372	820	
42240	63220	834	
58795	50749	863	
48080	54302	790	
43842	54157	800	
48078	47118	742	
41002	47310	759	
42429	46513	771	
42391	46738	761	
46196	126716	904	
48137	49684	774	
46722	48406	777	
45000	138750	860	
51017	51350	829	
45125	49525	771	
88113	52223	812	
44019	70843	1011	
47437	49551	798	
43173	48095	717	
42660	49509	855	
47677	48001	760	
79320	68640	1789	
54651	60504	1215	
54580	61973	1388	
96342	66637	1505	
57331	53257	951	
44613	47858	811	
41965	46568	701	
43531	115246	1289	
52757	57367	1101	
49116	60328	1388	
86561	95736	39974	
54109	94637	1500	
51388	55987	1040	
44619	49000	788	
44098	48146	772	
42695	47674	733	
44723	49302	770	
43287	47197	713	
42048	48441	714	
81119	142100	969	
59132	52912	837	
45654	50414	723	
44130	48556	765	
82487	75023	806	
55989	50666	768	
43488	47465	755	
45204	110675	20112	
47672	48903	1020	
40912	44330	798	
37974	41763	731	
39974	54137	748	
132476	85980	1353	
44711	66526	1475	
44829	46686	847	
37752	41711	681	
72663	63889	1819	
56160	51548	938	
38300	43025	735	
103580	53634	770	
74981	55443	745	
41278	46257	774	
37729	41171	689	
36318	40918	732	
35954	44579	797	
74106	77422	790	
36881	43629	714	
37231	43039	692	
36624	42242	662	
36493	43638	676	
59496	42329	687	
96614	44849	879	
37180	41736	707	
40578	40808	699	
36540	95160	892	
49597	184623	1211	
119300	71782	1352	
73015	108834	1178	
46616	45897	816	
38897	72658	903	
55386	112273	931	
44497	69234	800	
70882	46648	765	
38690	114489	823	
53604	47710	756	
40253	47362	794	
39216	67798	749	
47845	46594	749	
39018	47461	840	
79060	44989	757	
76134	60785	1019	
61082	59397	891	
73777	60516	1271	
50880	47265	796	
40123	42620	770	
51000	46154	808	
39428	43921	789	
37780	72505	823	
49009	45880	714	
38013	47045	727	
38093	42979	687	
75654	46764	715	
37849	47962	702	
37526	41706	707	
36724	41192	694	
36084	42053	682	
37000	72405	1068	
64553	50727	810	
37875	153457	1093	
42989	45596	763	
37441	42055	710	
36606	46157	678	
42519	48939	812	
37689	42900	731	
37713	42051	720	
36659	41520	749	
36871	73880	1386	
117532	59463	875	
40677	45028	800	
38676	42829	692	
113972	53362	911	
47826	46187	817	
38055	42422	702	
36706	42889	687	
45263	55572	958	
152286	143400	1683	
114501	60183	1262	
44183	46973	913	
91920	69638	1068	
78008	102622	979	
50214	50394	781	
40179	44243	750	
38357	54801	949	
51902	56960	883	
70428	68045	1400	
85346	56886	1080	
77020	59246	1010	
42843	44436	821	
47560	107274	1156	
43414	44740	851	
38723	42900	797	
37130	45126	812	
38065	69325	1086	
45938	49490	760	
39038	42394	786	
37135	42317	749	
42755	44355	832	
37121	41803	758	
36776	79491	1026	
41451	44312	804	
38560	42275	808	
36829	45584	989	
71868	60705	1284	
40355	46460	837	
39620	43147	745	
37282	79396	1417	
43806	47183	1081	
38691	43430	879	
37519	57114	846	
38429	47054	833	
37574	42707	786	
37349	43306	783	
45094	89850	1695	
46723	47957	957	
38357	46255	814	
37524	42819	775	
37014	41989	856	
37272	43871	877	
122973	97616	1349	
49476	48312	934	
40548	44441	811	
47416	45040	812	
47089	59544	1070	
102169	57784	769	
123540	104853	1029	
46326	45943	821	
39588	51078	810	
74666	56720	1153	
45351	48464	898	
37903	48740	742	
67104	45342	740	
39847	48065	824	
37769	45637	774	
35802	41258	727	
126918	63044	1260	
40562	43416	809	
36656	41849	781	
36847	54330	954	
38767	41831	749	
39125	42161	721	
42146	43953	1035	
42698	47918	1098	
46810	43714	802	
36772	47720	883	
43327	42487	794	
35990	40821	789	
35696	40193	780	
36921	40318	749	
38977	106791	1468	
45111	109171	1404	
55286	87031	1194	
58615	49286	842	
39689	46372	842	
45167	46690	835	
38263	44006	753	
37474	42509	695	
38024	42743	746	
37317	42371	744	
37160	41910	745	
37309	42373	765	
37061	42345	740	
37093	42346	719	
37362	41950	771	
36873	94854	979	
40214	42597	809	
37115	51079	734	
43590	43217	729	
36975	41833	743	
73989	54888	1384	
40827	44428	894	
37997	42118	780	
37553	42424	763	
36379	75970	884	
54066	51100	930	
38442	41839	740	
36469	68020	1616	
51523	54549	920	
39860	44383	845	
44274	44958	767	
38460	42927	773	
67747	49837	849	
38748	74341	1870	
53302	89336	952	
39963	44142	749	
37518	43374	763	
37835	73163	806	
75609	49616	854	
38860	44651	693	
37770	43035	647	
37329	86290	949	
44712	44687	896	
105197	51174	858	
38889	42914	707	
37130	46814	695	
83350	57589	1212	
41693	50782	916	
37386	42340	732	
36905	51682	873	
44039	44734	804	
67777	110485	902	
54417	52927	862	
45457	44747	826	
40254	43798	763	
36884	44245	785	
40120	43737	688	
83596	55563	821	
41129	43186	717	
38062	42012	694	
36955	42604	694	
59890	52077	838	
38619	42125	713	
36836	41922	706	
37855	73116	811	
52006	46171	714	
38674	47174	677	
83522	48507	706	
43792	87880	1649	
47138	49337	925	
40611	45155	767	
43763	83377	823	
75998	51924	797	
70773	49801	978	
39270	42608	719	
151653	53073	901	
40962	47606	700	
39158	49095	730	
98083	71624	879	
49838	45671	720	
39095	42573	698	
36502	42330	700	
36971	41614	674	
38194	60614	944	
40545	55485	792	
44664	42170	695	
36588	41510	667	
36011	116007	1273	
50099	64160	1016	
40076	44373	773	
37795	42652	769	
37829	42342	727	
40023	45147	715	
41020	52885	954	
39267	45427	841	
92530	56405	1146	
40650	132213	1166	
64803	56434	828	
45936	160507	1291	
71801	57747	1021	
46583	49677	887	
44220	48734	761	
42315	48128	733	
42809	46977	746	
42190	50048	865	
77465	52671	851	
42723	47484	747	
41953	49016	723	
42245	48909	787	
51768	57466	813	
44593	54509	789	
43190	47678	698	
41524	47211	725	
42082	46810	736	
55328	52486	761	
53063	49858	768	
45648	48057	723	
43014	48149	725	
49009	50638	773	
171838	53438	754	
45373	54555	797	
41597	46624	707	
72631	47400	755	
41653	46516	708	
40314	45564	687	
40923	45131	709	
40580	46270	782	
41515	78545	781	
56209	50316	771	
43526	56462	800	
44477	47904	710	
42742	152371	1029	
58651	53442	714	
44633	47662	666	
43383	46989	666	
42439	82201	871	
59066	52708	1026	
45711	49120	765	
53251	51179	798	
44213	57143	917	
44600	47794	683	
42425	46716	734	
41680	46423	680	
42008	46855	703	
42364	48535	737	
41575	46052	633	
42415	50460	643	
41791	46585	651	
41466	58038	627	
43040	46054	662	
41799	47880	702	
42094	46482	670	
44558	57046	1083	
45892	47912	756	
41770	46687	722	
46425	46137	702	
41851	53988	1222	
46420	52486	1417	
62780	56351	945	
49525	54986	809	
42587	47114	699	
42944	46123	669	
41209	46376	668	
41831	46071	674	
41732	46340	662	
41489	46146	674	
41279	45900	659	
41940	46427	677	
48716	47728	690	
42353	51358	858	
44288	47222	745	
41355	46572	711	
41225	46384	694	
41894	49166	688	
41920	46941	674	
41506	46527	679	
42160	46787	715	
40972	46381	666	
47803	46594	707	
41953	45618	700	
86449	65657	1001	
53883	49295	693	
44079	58368	813	
52580	48109	751	
42522	47159	686	
42929	56500	1179	
46618	48624	792	
51312	57372	868	
44249	63008	1324	
46666	49189	779	
42496	46765	838	
42387	50365	826	
42274	46682	778	
122576	65523	1340	
47549	53895	849	
44062	52549	922	
76978	65617	1178	
46414	51991	912	
50019	95753	1367	
49689	52831	929	
44307	54126	799	
55414	56193	1074	
84117	67021	1032	
51327	68500	926	
44365	98851	1101	
113101	61518	965	
56940	48193	739	
43171	47933	774	
59401	54683	753	
44963	53745	890	
53528	48882	802	
42361	54215	935	
44434	47855	690	
48396	48316	806	
42464	46760	698	
42234	46855	728	
43637	47436	785	
42122	46768	801	
42483	46802	716	
41969	46868	682	
41780	46123	680	
42093	69817	1119	
129290	64993	945	
54451	54523	674	
59628	49753	761	
43069	49819	778	
43181	47126	679	
42703	46987	692	
42373	47660	704	
41785	95123	791	
108097	52443	759	
43868	47682	710	
42097	47188	768	
42157	46260	769	
69573	77091	1283	
52206	65310	874	
50717	56533	865	
45874	71666	1626	
63172	79418	959	
42893	45842	747	
37421	43023	764	
36935	44948	754	
37811	42282	722	
38160	49886	1049	
47670	44649	719	
37832	41555	758	
36159	41783	750	
40115	42310	763	
37312	46796	784	
43974	42814	771	
36477	41269	751	
36377	47271	1094	
40695	47891	803	
37002	49784	1300	
44063	46243	758	
41583	50131	837	
38081	42137	778	
37466	50189	837	
40773	42583	700	
37173	50176	776	
38777	126752	754	
51986	50197	701	
44215	43297	704	
37990	47380	930	
45478	45159	800	
37212	41527	677	
68840	57224	683	
43370	50497	771	
39628	43157	718	
38857	73233	705	
40160	42784	688	
38107	42230	677	
37781	41829	663	
78233	49542	681	
40100	42414	665	
38283	41904	679	
36943	42782	680	
39247	88859	689	
46804	205943	1373	
47915	47848	809	
39331	43551	758	
76938	49699	786	
40021	43795	742	
37927	42389	709	
37480	41890	709	
36592	42269	694	
76991	59148	844	
43231	85197	786	
49165	51801	917	
39461	42485	677	
37872	41874	680	
46611	44701	666	
37905	42213	648	
37901	55730	850	
112064	54773	964	
39008	42603	777	
88283	44788	834	
37944	43460	687	
37089	51283	683	
41058	46759	734	
37267	42203	668	
37177	41449	761	
37338	41593	718	
36476	46393	694	
37418	48224	735	
86666	66341	1417	
56388	60600	989	
41643	46314	1146	
43380	44197	780	
37673	46200	797	
37757	42317	803	
37447	42394	675	
39131	43330	713	
37359	43269	674	
37381	41951	650	
36545	84511	1512	
113416	109647	1190	
69397	61094	994	
44858	50171	728	
43809	48384	716	
43795	48307	682	
42887	87993	1481	
52656	231414	1268	
54014	53164	840	
66046	163065	1602	
59124	55431	944	
44698	47872	889	
43273	48004	768	
42511	47951	782	
45081	97929	850	
45474	50746	755	
42744	46627	696	
41970	119640	900	
45940	48966	1028	
56013	68988	991	
46089	46964	751	
41891	47204	753	
58719	61430	904	
54528	97564	878	
62120	61949	802	
44834	48394	731	
43596	50154	779	
57524	56910	782	
43834	52646	749	
43411	47150	733	
42670	47763	692	
46064	229591	1824	
60533	54419	1364	
78633	61146	1015	
46905	49934	797	
50091	46062	756	
58187	58702	900	
42123	45805	795	
47620	45775	881	
38747	100253	935	
47308	61993	923	
61462	52952	927	
42262	45377	905	
38944	43170	754	
38267	42923	760	
69622	56631	766	
42370	44842	794	
39627	89461	1249	
48017	47774	887	
85201	51754	806	
56909	51382	947	
39677	44807	797	
38226	43835	835	
38851	43575	834	
38014	43497	844	
38100	103820	946	
64907	89052	1446	
46859	50869	845	
81910	50555	874	
41031	44598	847	
38705	43562	765	
38521	43480	789	
39922	54303	1142	
42684	50037	1162	
48229	46217	891	
170345	55560	1055	
41025	74222	887	
52949	51934	761	
43358	45739	760	
38615	42997	718	
51268	50444	924	
38393	43333	680	
37145	42581	669	
37812	128561	898	
44660	44002	724	
37313	46678	694	
39912	41766	712	
37881	42577	706	
37620	43474	691	
77940	50043	1098	
85429	53464	897	
42059	46051	714	
39098	50800	775	
39275	46972	733	
119427	46329	730	
38575	43645	697	
47344	47871	842	
43380	45471	711	
38115	42654	709	
37731	42969	789	
45661	46430	827	
82006	50748	846	
123444	124628	1330	
49258	50173	936	
39570	43614	755	
39891	56457	803	
46443	48249	683	
38866	42389	702	
38055	69725	685	
41503	88149	965	
82344	66689	1000	
46513	48472	757	
42155	48043	769	
45731	47300	774	
42105	45976	755	
41340	46170	721	
41667	79175	882	
61329	51584	817	
44179	64060	902	
129117	56518	819	
45382	47092	715	
80301	62272	1460	
49380	112133	1498	
50160	52105	917	
43163	58064	937	
68080	56210	1127	
84758	91693	1045	
72927	63123	1222	
59491	56868	926	
45937	50114	761	
44203	49387	771	
43828	48460	742	
44056	70649	1826	
59092	59213	1052	
91884	60277	1092	
48099	54659	885	
53327	73233	1157	
97668	76355	1416	
79137	95209	1362	
62600	106217	1123	
74620	93217	1017	
94762	69340	1465	
46910	47662	873	
39664	45070	707	
38833	43070	710	
38552	43638	690	
43432	79095	706	
42580	48727	735	
40303	44027	713	
68608	92237	827	
50811	51009	699	
39457	86318	1420	
47911	49480	1046	
40043	44627	825	
38363	43771	742	
38430	43465	788	
38581	45240	892	
139364	53959	895	
41691	44123	745	
38411	42858	701	
37259	45430	777	
37751	64871	1223	
43243	45322	808	
40788	44286	782	
39594	45346	810	
38597	43654	782	
92187	64509	1235	
49163	45464	1050	
52110	50120	788	
40057	42951	741	
36797	89629	1044	
43606	50364	1147	
40002	47601	807	
37573	41839	715	
37182	41705	797	
38163	53827	756	
58693	54399	940	
38432	41635	713	
