Bench : /home/adithya_bhatp/gitRepository/NFS_FUSE_Implementation/client_side/v3/mtpt/zzzTemp.txt : len : 100000 loops : 1000
WRITE	FSYNC	READ
22450458	906747	1112986	
22645473	853154	23948	
21774211	1029826	25938	
23253409	864071	24616	
21674501	932565	20838	
20971739	930700	22012	
20648048	974727	26245	
21369285	950349	24382	
24526602	990557	22972	
20720489	1050665	27290	
22532748	1039696	30595	
22056401	1066796	24789	
23854723	1015615	26024	
36375844	908207	25869	
22297055	935550	26199	
22690500	921666	21992	
22929725	943220	25335	
21287495	1004046	27597	
21757904	1040851	23844	
27135756	983085	24050	
22132403	864399	24041	
21576468	987400	25199	
21645646	1020631	23311	
19968999	902208	17642	
20598027	1040859	21768	
20978567	908569	24835	
21303174	938052	20885	
21830116	983326	17830	
22124415	834405	47446	
21137093	966838	21387	
21285695	1319198	22090	
21675687	1006294	21565	
21512548	907469	22238	
26828313	1041733	22605	
22491075	882048	23503	
22169452	895450	22867	
23236933	1013227	19828	
21966665	926977	17100	
21191711	912100	24869	
22165753	949564	25692	
21326247	850307	19489	
21565794	979828	22693	
21625575	890997	23988	
22441549	918045	23670	
21423961	834309	21949	
20229909	1013702	24271	
21238344	891551	24247	
20518874	997884	22112	
20663975	867224	22235	
20968061	869147	25760	
21418046	1078165	24110	
23574108	1074000	25364	
20988409	952105	32318	
21107420	892226	22017	
21656198	939546	23018	
21049601	925794	25783	
22260044	1053649	26546	
21005304	905536	25580	
21728935	1080985	22534	
20955555	828337	26951	
20913941	873849	46747	
21313308	1071830	23215	
20237516	925406	21267	
20581525	864325	26098	
21084527	843601	23863	
20152043	934054	21837	
21475555	865748	21696	
20978679	946219	25128	
20920810	897683	24894	
20985436	919017	24318	
20815284	1056546	21002	
22401275	917598	24476	
21268492	950710	25283	
24950445	1079846	26547	
23212717	814644	21637	
20656095	968669	20434	
21559102	945274	20849	
20337387	904928	20085	
21643212	936829	20320	
22128765	888151	20851	
21772469	911693	21226	
20814649	904626	23295	
21877204	1010382	22039	
21034627	973063	18980	
20957822	961563	17823	
22612283	1120826	23823	
21936410	952467	23700	
21586591	970100	26089	
21512006	857640	24382	
22988380	1021730	26874	
30815203	880019	26172	
21951509	985270	27416	
21954141	909797	24207	
20936784	1008314	24111	
21774722	1073906	22555	
25447675	1007632	24609	
23146868	1176055	28691	
22272338	935936	25114	
21642333	949062	26297	
19840888	891689	23150	
20488356	915249	21988	
21087542	818227	22558	
27735084	977610	24765	
20466129	925884	17736	
22132044	1012340	24603	
21964480	896772	21270	
21817629	928399	24303	
22584851	906363	24539	
22348455	1020448	24963	
23565361	978171	25565	
22796368	793598	23460	
23458149	942373	22122	
24966910	869949	22868	
22550146	980903	27649	
21143060	898113	25826	
21322375	1064981	23269	
22233275	985288	23907	
25194092	914209	25463	
22764482	989793	20598	
21778823	1119935	23458	
21644313	1064442	20718	
21840043	919539	22784	
24955745	951148	25980	
21079024	1099306	24392	
21982766	1029927	24354	
21540930	1009114	26518	
22074537	1054957	22877	
26854119	952290	30298	
22307777	958091	27528	
21942521	1005572	27697	
22130827	925272	24124	
21116664	1053033	23507	
22021109	891064	22271	
22502409	954711	24918	
21434653	1012563	24464	
21887175	1124137	26500	
22325261	1164818	25701	
23080858	991618	28253	
30842644	929660	24248	
21539418	845520	25973	
21132207	867259	24883	
21134167	906057	23307	
21535029	987730	22688	
24091777	1025667	26285	
21283748	931461	21793	
21158630	1084165	31340	
23149696	990307	23106	
21580254	1015019	25689	
24830774	940595	38487	
27425771	948115	25728	
24306790	967009	25611	
22950089	953945	23695	
21314011	893707	25002	
21564031	887403	22014	
22170180	864147	28822	
22645897	897644	22997	
21097183	994846	19384	
24556198	1041389	23536	
23362613	873868	24797	
22302205	1138339	21729	
23221121	980411	22704	
23266511	1279400	24414	
22124349	966901	31262	
21541809	1002494	24739	
22395154	1030035	25788	
22017531	922840	26862	
22752288	885863	24999	
21333469	902809	26194	
21582767	907030	24882	
23002302	984986	24373	
24703064	962691	26082	
23457968	1031474	27162	
51166747	1116119	27117	
23059763	890436	26142	
22093129	893825	25740	
21912807	998808	23708	
22412560	1056883	23918	
22780238	919659	24567	
21720848	1125102	20590	
22470578	1050887	27072	
24395419	908783	26377	
22443058	1179953	24520	
22082216	962663	23212	
22385751	910003	21326	
20755958	969952	25034	
20716178	871323	25348	
26527941	886753	45734	
25303100	903611	24911	
22625704	1034234	25716	
23307258	960409	24620	
22311292	1007480	23776	
22897878	947956	22821	
21314607	990248	23268	
22439282	913296	22884	
23388901	1037126	26183	
21939477	1104361	31109	
21840271	945034	25636	
21651533	963840	27192	
21201847	882461	23937	
22250478	877614	25385	
21232732	921191	26037	
22177717	983015	24374	
22235752	961324	24616	
21290531	833318	26556	
21115327	947895	29424	
21849422	1043123	24932	
22571850	1446622	24646	
23512827	1004126	24508	
22997094	1039869	27194	
33574200	921873	25652	
21983846	1101352	26953	
22523865	954181	27041	
22313608	1011429	22871	
22215961	953041	23577	
21442452	2453137	27018	
21174273	1195236	23660	
21755663	929145	22384	
21895522	1093501	25691	
24512161	1024530	27273	
22306393	1035157	24032	
22433200	959657	24149	
21183038	1081415	25609	
21494120	931833	24609	
23535952	971032	26124	
23664020	1036856	26786	
23758553	984355	24307	
23199153	940589	24440	
22172685	1098666	23640	
22402596	1079407	26950	
25277067	1209001	26087	
22308615	1042386	25549	
22767218	962361	25476	
23383312	1025306	24140	
22453152	1147581	24889	
23027167	947600	27498	
23930157	947255	26344	
22540158	1096386	44338	
22005958	986202	24208	
21506033	967483	23637	
21892101	961331	27081	
22130752	1102647	29089	
21365770	1001388	31041	
22417173	1094798	23756	
22308631	880620	24428	
22491175	1057643	25261	
29314016	931188	25104	
23749286	980675	25065	
22759466	1021180	27548	
22558924	983263	27042	
24558115	859338	25086	
24285112	955216	24152	
25379497	1221199	26975	
24289919	986533	31191	
23639501	1097906	25573	
23391208	1078136	24310	
22937804	880610	23654	
23096083	1463405	25129	
23543807	998171	24247	
25837828	1388644	26380	
24351937	1053128	22251	
26148800	1388315	25130	
23361996	1088067	21155	
25488796	1005578	25994	
23310527	1119071	23596	
22984647	903645	26494	
22846987	936814	25465	
21791601	1048673	24542	
23439588	950119	25022	
21209886	978015	23170	
25256311	993082	26089	
22429156	1091393	27605	
38164030	1021070	27580	
25453253	992068	25811	
22439700	954280	23914	
21787980	996297	29244	
21675374	1043799	24626	
23291352	1002888	25045	
23995447	1066135	26343	
23064102	1079488	25052	
23808269	1112285	28880	
23174739	975271	24834	
22840425	921933	22908	
22905409	1107392	25151	
24099828	1068348	25983	
21873547	947537	25675	
22422104	1103304	27466	
22209443	1060170	23447	
26612941	940865	24582	
21073213	965554	25109	
22212246	1014966	21599	
21918281	1054763	21456	
21020778	983704	22594	
23422284	1000716	24260	
21859222	951899	24785	
21648606	1198334	23300	
22276255	1012008	22707	
22215804	947446	24986	
21419935	879522	25402	
23830865	1080826	23634	
23325172	947392	21580	
22333689	993611	24025	
22930370	1049201	24260	
22038550	1181316	23824	
22454995	1273085	29550	
23744443	1044486	21809	
20843819	1013477	20928	
20684841	1094506	27737	
22061243	1104805	25200	
23153248	1001362	25872	
25059753	1111647	27878	
22675622	1059052	25550	
21790827	851276	23290	
20676095	1096317	22375	
21236232	911966	23418	
21856138	1191901	24731	
22589081	905448	23550	
24056635	976720	24134	
23526213	1163651	25921	
25436054	1044999	48935	
22942767	994624	26491	
24579262	1074183	27967	
22894434	1104685	25254	
22925548	937986	28003	
22333934	1068445	25274	
22354282	1029002	24496	
23649425	1048117	28321	
22871286	985445	26161	
22682109	962839	25207	
22865549	1013146	25740	
22765755	1160438	26843	
22870089	944576	25142	
23780702	994061	26452	
24429303	1089036	26822	
22533933	960269	22051	
21902391	921453	25134	
21597784	924333	23221	
25691575	1059643	26611	
22448797	967554	22926	
37403493	920889	27439	
22264770	1115680	24485	
23664521	954832	28316	
22796364	1326151	23374	
21906074	1004970	25163	
23641196	1069368	24709	
23301922	1200133	24880	
23478211	1123760	27009	
23016300	1119389	26862	
23001101	1052525	22487	
23427866	1035322	27309	
23726866	956515	42155	
24911979	1135949	26292	
22696872	1066187	25318	
22479964	830317	26239	
23113960	906315	25274	
22145264	977495	24443	
23495197	1103160	28160	
22167559	992540	24622	
22621671	1051619	24908	
24086451	1009919	25406	
22458857	986073	25038	
25485159	1108169	28007	
26365876	1016710	25005	
22741941	1033934	25162	
22687698	1013094	25782	
23504616	1074873	23892	
22235137	1028086	27471	
22201618	1034778	23680	
22835153	977370	37737	
23537669	1074450	25103	
24626322	1125994	28994	
23104429	945774	25397	
23890780	992628	24103	
24339525	1786745	34138	
21964109	978281	24329	
22828689	1003498	41016	
23837348	978247	24322	
21582082	922072	25080	
22010476	1111622	22262	
22225238	1002206	23834	
23331392	963427	49061	
22459989	923790	24150	
24071662	992636	24043	
21483073	980166	28176	
23956148	984320	26924	
22620292	960552	25254	
23613488	943593	25871	
20905349	926860	25020	
21513235	921397	23389	
22078110	985991	25134	
22584865	1129303	24719	
22852664	925986	36785	
22195656	973916	25889	
21353323	1035185	23973	
22326902	996841	23860	
24792934	1103023	28488	
23232320	926640	24753	
22109371	884760	26710	
22669460	970105	25222	
22569618	966793	26784	
21856898	1127541	25334	
20988886	998003	24562	
21499768	971133	23931	
22217258	936892	23763	
21698830	970983	24682	
21613978	1008150	23571	
23065374	974071	25789	
22126687	1010699	23384	
22473533	883280	21694	
20658016	879973	21054	
21051981	954967	21373	
20046099	882590	22905	
21924695	1013777	29300	
22996939	938374	24679	
22593063	1066819	24308	
24777895	976134	23313	
21354561	916078	24073	
21376571	1040376	22505	
22847911	917221	26213	
22658869	905296	24538	
21841773	1086109	27556	
23303758	999160	29311	
21610918	948015	27086	
22052352	933449	25189	
21425904	1098117	24154	
22111769	964151	23777	
21874272	885018	26376	
22071314	1031706	27801	
21866190	1064213	23996	
22347269	987135	24501	
21228155	909289	27162	
23613901	1260845	30165	
23117080	1085747	25693	
24286214	984477	25613	
22824380	1036802	27106	
37695160	1019711	24918	
21909500	964359	25605	
21687286	1060417	24358	
23106340	1043374	25805	
24534851	1003801	28979	
21853698	1037771	24349	
22888209	984323	27258	
23870984	1494391	26782	
24104223	1009244	24713	
21325759	1038638	25025	
23253664	1032587	27342	
31130510	1031422	27042	
20635207	1144459	27419	
23776969	919951	28190	
22802449	942050	26448	
25414302	1126288	25869	
28666406	1083509	27044	
23209207	993320	24276	
23012426	1039722	25027	
22391312	1115093	24117	
22580142	997961	25305	
22144961	985274	23994	
22066774	946310	23755	
21879052	914287	24446	
21826873	880825	27858	
20942058	880324	26500	
21451150	899116	24520	
21082452	901242	26746	
21206449	943805	28386	
21328858	965753	26028	
21388755	998511	27994	
22015229	1056944	26320	
22026638	957383	24189	
21885888	979354	23776	
21956459	928134	25200	
22879700	1136023	27969	
24049064	882418	27514	
22099961	880282	27934	
21409039	961717	25134	
22846789	926117	25867	
22979252	1132280	25080	
20862138	1096613	25822	
20456690	1055122	24724	
21053394	1004307	24858	
20921644	1132820	26226	
20734572	863339	24828	
21730967	947283	25240	
20276087	908001	24751	
21344024	908816	27695	
20612850	906678	24765	
20696437	869812	26654	
21098972	915880	24980	
20410674	1049879	25135	
21567743	1051610	25770	
23033520	862262	27074	
24500684	811111	26448	
21996395	1011031	24313	
21844767	975502	24366	
22187430	923650	27937	
21437110	1006623	27269	
22540454	1036649	26994	
23121657	916947	24326	
21719426	967365	26878	
20841950	939306	26787	
21078730	896247	27183	
25676480	2052921	25253	
22688632	994776	27298	
22214015	876029	26259	
22876740	923425	27700	
26666231	951234	37424	
22547824	920030	26171	
21093425	1111286	25445	
23206423	1137333	27651	
22094146	978294	27182	
22119165	892822	24514	
21417463	1072098	24698	
22716587	1166286	26272	
21469140	980046	24895	
22402742	936670	25322	
20347095	1093945	27078	
23115570	1107467	32143	
21531393	1065680	25206	
20582398	952740	25398	
21768531	877129	25310	
22655911	1010797	23551	
22057521	1061749	24937	
21489233	887359	27315	
21387591	1014419	25854	
22681679	1079619	27453	
21569179	908483	25197	
24265162	942592	25293	
21746287	1040762	25552	
24799587	912906	25165	
21651382	881206	23972	
22171269	878477	25430	
22548296	945994	26624	
23236701	908113	25513	
22252360	1076329	25587	
22698209	945490	27107	
32364259	1031436	28062	
21960483	1018559	25421	
23565456	1107389	29787	
21825457	1005373	25190	
21398282	1131051	29981	
22469634	1081071	30458	
22756164	951646	26396	
21317204	870416	27301	
24911605	981426	25473	
22383340	1092977	25423	
23278300	1021750	25912	
21633468	1065000	27462	
21628051	947137	25729	
20989733	986582	25140	
24049495	973609	26765	
20497741	850477	26917	
21799386	932389	24369	
21421645	895959	23759	
22403428	847845	24413	
21285970	1056534	27082	
20636562	902777	25214	
21101620	899214	25030	
20605588	857790	26889	
20809462	917138	24733	
21272375	894311	23900	
20815065	955625	27608	
21672026	959532	30707	
20069228	1000319	20364	
21474167	940013	23325	
22021604	1024961	27313	
21884802	966520	27365	
22802383	1011913	25157	
22307061	985888	26859	
20832662	965893	34662	
22492384	985030	31240	
21866405	958013	28203	
21839103	923116	24943	
20817559	1013695	25130	
20511442	915733	24090	
21156822	1146095	24279	
20835637	947374	24504	
22119583	964197	27854	
20832726	861217	28085	
21653884	861138	27943	
20720724	1061895	25258	
23080591	965550	24324	
20470657	939359	27138	
20722690	1032627	24854	
21092920	968490	24449	
20588838	942965	25054	
20888770	887528	28071	
21224585	1101508	29175	
21256799	937282	25638	
21039210	848452	27781	
22925914	994909	25540	
21632150	935956	26351	
21177470	1279961	26460	
20828173	886326	24926	
21569812	1070522	24833	
20280739	1012989	25202	
21167960	884497	25394	
20697859	937284	24564	
21098532	979990	24868	
21547127	917356	26650	
21959647	970517	24538	
20518995	1060305	25042	
22223167	1016973	25273	
21376564	936594	30307	
21146963	1223145	25543	
22889947	1006026	27371	
24181349	1012868	44645	
22117694	1031298	23541	
22143584	965836	28342	
21556789	965498	22428	
21070551	872562	21931	
22861759	1117507	23276	
22179940	922737	21940	
21613375	939932	22211	
20534124	912656	22825	
21740602	943278	19715	
21293800	1136744	28190	
20330627	956552	21492	
21234378	1104763	22166	
21505986	1091621	26529	
20589425	2311610	25717	
20299045	974388	23269	
21507263	931057	20794	
22368527	1039088	21535	
21516787	947508	22036	
21927886	1038677	21917	
21823490	1025680	23453	
23069592	1144937	24575	
22555811	1201323	26800	
22054199	976745	29195	
22711808	970337	24739	
23688589	946164	28209	
22367283	939026	26417	
22458087	1117905	27482	
23213570	1127590	24852	
23020297	970823	26106	
22043243	902307	26058	
25992290	1049069	25640	
22388816	902915	26894	
20784700	992228	24146	
20418856	919340	22791	
22382009	1095639	26625	
36396072	1079500	23746	
22205991	944314	24812	
22738358	966867	23240	
22046572	909034	22592	
25511641	1064099	24511	
22679925	1035939	27216	
22884126	939858	27006	
20881783	1039251	26466	
21457696	864030	26055	
21752911	1022116	23396	
22269705	2637167	27451	
25896029	1158536	29393	
21912578	956189	26361	
21589886	960899	22940	
21165659	1035742	27872	
22229810	951122	24229	
37550513	1064703	28270	
23255219	887795	24083	
21757778	983689	23407	
21137877	1019499	24545	
21269368	963126	26028	
21653170	1058516	24024	
22379984	1084292	32488	
22738743	972783	23593	
22293005	977994	26021	
21861285	1124882	24655	
22295873	954054	25160	
23278748	907913	22990	
21317366	999247	22372	
21878574	1135560	24583	
22239211	958091	27249	
21687820	970564	22090	
21786008	961606	20861	
21870802	953109	22466	
21539579	884333	24103	
21732205	965579	19071	
21344922	1044846	23989	
20939044	931512	26306	
20808614	894486	22785	
22646896	916096	24785	
23425684	1005036	26972	
20519186	1050802	21043	
26989125	884663	27280	
24204705	1079415	23694	
21565827	887151	23437	
22015280	987468	25091	
21312569	953795	23565	
24924925	927945	26110	
22552500	1120475	23452	
23445391	983901	26564	
22475290	902871	26463	
21962950	876612	24163	
23309846	1075492	22536	
24501617	890977	26405	
22024844	894258	27335	
22076638	909790	25866	
21987498	1008380	21723	
21749990	921713	21676	
21614836	977073	24069	
21894087	949970	23440	
22435055	1041839	24176	
22114629	974810	23791	
22581792	1107311	23424	
23483743	1055507	23056	
23970757	966146	27326	
23002495	986978	27563	
21910667	944430	26511	
22486837	1080411	24735	
22759309	1396610	25512	
23077095	1096944	24340	
21677938	999497	24471	
22223687	931860	28293	
22638633	1035181	23806	
21553988	959498	24842	
23120974	998767	26563	
23891421	1056915	27776	
28763813	942327	23971	
22414866	924884	24920	
22458301	884111	25377	
21467871	934687	24805	
21397151	991039	29287	
20891503	834305	20664	
21616666	948190	22852	
20859607	965036	24210	
21332597	962166	28069	
21997849	999164	26097	
21867489	1082733	23226	
21004019	915571	27569	
20720284	874267	21670	
19477793	858613	22623	
21035250	893595	25320	
22465987	975274	23257	
20061496	893596	19419	
20499903	772872	23720	
22385809	913803	25180	
21942929	836844	26169	
21959993	989595	26271	
21476146	938387	27769	
20702565	907705	22603	
20659655	927127	23360	
21209344	937800	23415	
21039394	1018368	19701	
21391237	990081	22948	
21642075	1040027	24127	
20933131	1086373	25563	
22106283	1032443	25950	
21404634	1007754	23511	
21549634	1075756	26436	
22149339	955938	23934	
22718456	965280	22863	
21289696	1069398	24539	
21184353	973285	26242	
21013359	1004996	22451	
21037141	994134	24280	
22006853	947146	24338	
20369905	857849	23737	
20884648	914831	26008	
20664757	1051873	24855	
22327919	884699	24691	
21498119	1017223	23148	
22720743	951026	33245	
22748329	1000603	22297	
22497689	965957	25095	
22192063	966130	24411	
20342285	998348	21303	
21280523	975737	25954	
21119751	917172	24479	
23194390	974621	27764	
22499679	988417	24446	
22218180	1029516	23793	
22366631	1034478	26096	
21910694	1037678	26609	
32108444	864074	26652	
22065694	962888	22429	
21090318	954049	24820	
21140272	959714	24983	
21892282	878391	27221	
31643992	1076430	25763	
20698819	954656	23908	
28241782	981202	27955	
21444700	962212	22794	
23688914	1068366	24943	
36998183	1184446	27520	
22598631	908619	25776	
20625531	943636	26357	
22151801	872111	27078	
21127866	971786	24630	
21248677	999329	29206	
22128942	921231	26158	
23205381	867644	25500	
22255269	979327	28207	
21652103	916606	22187	
22593563	1058401	27061	
21254215	1004923	22147	
21569757	981532	24356	
21186079	997223	21354	
21375950	876041	23658	
20555883	1036492	22441	
23346547	815384	25799	
22894320	943933	22702	
21263488	989294	24231	
21367976	855096	25220	
21020276	873895	22217	
20632767	926346	24229	
21533500	1043595	22896	
21309931	948643	21833	
21802197	952230	26000	
21656564	1026857	26114	
23050824	1029053	28809	
36078297	887596	25700	
21156072	941314	22989	
21779635	880122	26878	
22464111	1049620	25657	
24565282	1096744	23695	
20978966	1003289	20814	
20754593	874842	25487	
21637070	917705	26016	
23920877	1023994	26235	
22586429	1026096	24530	
24306831	980884	27135	
21998606	1012240	27435	
21883033	867148	27126	
22544319	973823	27465	
21015789	942601	23923	
21408791	971354	23646	
20970178	875777	24658	
21218686	1054425	21936	
19863465	971202	25096	
20151523	1071648	26108	
20295723	894613	24598	
20966479	834937	24911	
21220414	885482	23440	
20945823	1043976	29994	
23309676	881697	27551	
21596620	888650	23296	
23561669	929357	24208	
21913026	891327	22724	
26388276	1149147	29826	
23224092	946281	23702	
22071895	928771	20601	
21100997	1089579	25392	
22210046	1065841	24517	
22132507	841106	23624	
20559716	867533	27018	
21120725	1050859	23188	
21553704	963698	25304	
21122749	962358	21241	
21500398	968035	22897	
21988791	1016685	21674	
20888503	986730	21895	
20891525	944863	23743	
21073414	1003841	22600	
21688289	907124	21695	
21808807	913414	27062	
22259060	1077559	24114	
21917227	1033774	26823	
21953748	991306	25821	
23717456	1050425	24989	
24694332	993293	23394	
22828432	1061460	36033	
22533586	912348	25577	
22775287	1181249	24763	
23039870	966049	25651	
21473286	974370	22858	
21108976	938356	24121	
21601260	1022680	23351	
22632431	1073113	24903	
21839787	970363	24826	
20924875	849479	22393	
21261978	1023179	25309	
21313336	909277	24079	
21636099	953842	25548	
21425656	1092326	22011	
21344147	1041579	19993	
20790853	965082	17440	
21879191	900419	19520	
23594246	1028896	26769	
23088955	1164451	26092	
21755229	910522	23856	
22437436	1015178	24444	
21915499	1072844	25780	
21068324	925092	25210	
21388732	916171	23172	
21169487	979588	19869	
21867556	912871	26500	
22261084	928076	29434	
22631230	959303	23491	
24783940	1191328	22282	
22391198	1050201	24492	
21922920	1005795	22034	
22551941	1090406	21820	
22513924	921751	22053	
25811827	901909	27939	
21804507	1086106	22362	
20914632	947532	24325	
24115097	921918	23275	
22236243	952666	26726	
21919567	1060254	24547	
22711134	1054326	28013	
34430800	1011532	27127	
33477379	1053170	27358	
33913103	963940	33735	
36936184	1086934	26736	
50432267	1132998	28210	
22762112	1035385	26521	
22889086	998268	26140	
46455167	1122242	28516	
33507386	2630803	26651	
23131163	937330	25881	
20461135	845875	21430	
24408688	1037368	29070	
21693247	939243	24662	
21992019	904021	22322	
21245844	945568	23369	
22966713	989653	23732	
22194981	974349	23976	
21560173	1046387	22937	
21125225	1126359	25160	
21006002	952448	23537	
22928687	902003	25773	
22364858	1063342	26040	
21811033	1069014	26434	
22204050	1020859	27518	
22484469	1110787	22460	
22556962	1030293	21876	
22932814	982990	25406	
22474210	968849	25960	
21597874	965392	25169	
22441212	976832	23506	
20865190	969604	23521	
22384386	846785	26295	
22819946	978302	25902	
22559025	1034193	24548	
21666698	1132272	24929	
21891293	1057997	24472	
22213269	1224940	27164	
22176495	1018003	23805	
22098407	1061521	22635	
21584303	1016590	26574	
22012472	921688	25541	
22557623	974758	24775	
22473669	1092173	28046	
26773618	1129448	28558	
35304525	1064325	27875	
23274626	1042547	24568	
22172140	982088	23770	
21913534	962354	23097	
22557746	937909	24460	
25813417	928755	26310	
22446003	987999	26621	
22308634	919926	25534	
23207663	922982	28464	
22669469	877390	26723	
25239104	1139242	30347	
24462519	833059	25208	
22919757	949321	24258	
22622128	1094320	28694	
23873559	941957	26998	
22000287	947049	24690	
21704758	888001	27086	
21822535	946196	25314	
23135363	984647	25257	
22307461	876757	24909	
22272566	1201263	25764	
22593463	874679	24620	
23708219	1051757	25406	
23046868	998280	25183	
28678305	982895	28957	
21937457	996201	25126	
22977443	922405	27042	
21655987	1054778	25561	
22306675	1005963	27326	
21362073	885467	26709	
21743489	1061528	27013	
22212782	932414	26892	
21434839	960495	24111	
21999249	1049036	24099	
21487545	1093950	25664	
21367014	1027672	23812	
22097677	953999	24376	
22986419	1298092	28343	
23390050	1150949	35215	
22687914	948975	30563	
25619042	1318119	24549	
23935550	1083746	25585	
25159256	1138214	28977	
24754606	1076792	25030	
22426407	1148410	26414	
21568264	1110038	26703	
22077045	1011686	23751	
23239481	1147102	25072	
21490368	996865	24534	
22889979	881491	27675	
23614066	1127889	25318	
22542834	915453	27034	
21898966	1101143	26073	
22064462	856250	31020	
22191235	849294	26851	
21485012	876393	24229	
21450432	1042712	24149	
22890535	947159	23874	
