2099155
1822430
1932891
605138
1981314
585630
650889
630853
1922636
629699
658856
604973
1956026
606124
598083
599301
1739915
634479
677279
613050
1843986
581167
594986
572269
2011460
685291
711624
674970
1977291
721997
663869
654129
1926330
637151
574917
593921
1805900
581150
581399
591057
1978417
582642
647554
552558
1936145
616900
628386
656500
1995634
567038
556698
641770
1928192
1735652
708078
1866280
587401
517504
578947
1818143
589271
605376
561485
591541
1713444
570652
524582
600384
1651652
615742
553432
586975
531211
1736958
542049
543835
647153
594577
1844618
537774
570663
612424
1746123
626760
605988
663008
1853285
565745
519577
578320
587946
2000359
635554
606736
637445
1967300
636628
592843
641565
2057912
570418
560414
590090
1975888
610652
601108
575242
2040212
613185
561640
550019
1960228
623839
649379
640200
1883767
548773
624560
565530
1900250
647398
697841
567343
1938863
653658
616396
629327
1987933
637877
639149
628118
2176374
679363
598652
668347
1985200
591662
626715
704013
1912375
691525
633660
603895
1920799
637998
579874
763440
1882309
599898
561699
532275
1715727
606765
544162
684012
2140448
619109
563385
568842
1769862
612915
555238
582699
655864
1910696
653347
611001
598525
1839054
676726
633386
637519
1987767
636499
707164
609373
2063930
642033
703846
1934470
736137
611468
656864
1977184
698733
654532
642703
2034218
586617
623933
715382
2276473
665582
683643
1947096
595410
623040
614283
2040902
631419
718125
624481
2122931
628750
518415
680067
2075942
731334
648038
2079972
739385
661239
638665
2058086
624721
759387
1890893
577087
638027
647335
2220551
628603
551271
592102
2044177
673957
584466
624298
1911826
670295
687933
563490
1887018
631322
684716
695000
2026334
551413
700352
648966
1892788
671469
702421
608292
2050814
578432
707765
2029868
675749
617873
653924
2126916
670893
661491
608709
2045762
584738
673532
669670
1839919
632362
576039
621209
2078880
683441
635695
624037
1979347
674808
646350
1891965
717546
618799
637871
1913035
701263
688306
617254
1964594
555972
662092
662438
2036388
631977
678550
766607
1929818
670408
669676
642437
2013300
696906
592945
2027572
1959972
1929161
685365
678867
565009
1905919
661004
628835
675653
2056500
740081
663174
692589
2194972
615782
652398
1947888
616972
564159
635099
1899253
676369
631446
574668
1844887
674351
737949
744531
2109374
2427539
2134102
729050
629682
1928293
698915
685126
591065
2059009
594959
704957
2118515
594774
610725
636419
1843987
603388
674194
657815
1816290
563467
617868
603411
738988
2057624
598037
754337
1877933
634532
710668
709631
1766919
599540
650399
642112
2039453
614856
613873
586965
1723430
590219
625369
643359
1924562
1844473
625063
1931479
648691
545979
608971
2046482
616927
618937
700082
2121572
594257
617875
2016151
707588
569308
587266
1879939
616484
588268
582612
535720
1930264
607620
577612
614583
1977092
682449
648559
611131
1913853
608198
629376
608919
1787178
589911
611025
642083
1895946
632574
586108
560529
2034924
567061
659266
604972
1882459
633496
654809
718418
1941743
687154
786672
604910
2141022
666844
643982
2053311
1878247
1854454
683988
584826
656924
2054394
721713
652045
616158
2106928
667497
641777
820700
1998713
629019
651566
1872089
564847
595581
606523
570698
1789984
677682
688594
620151
1959497
622789
569399
614927
2094958
712333
726435
1960404
660866
571986
590890
1959130
598124
785028
638815
1825220
665989
644833
629502
2010350
626270
713608
621180
2027961
634837
653416
740120
2181855
603140
687369
2181533
618029
709888
764989
2205377
758724
640299
2108109
729341
654245
2025850
665203
701780
617703
1980090
646756
666054
612413
2060226
605766
641087
678339
1974648
620506
703845
635097
1728519
589172
747759
628153
1944751
694706
640070
696501
2179462
705954
702414
2137882
719449
908030
1987972
709440
676346
722461
2140922
696491
625666
2034423
610780
605597
607529
2094897
676329
576198
637020
1907648
655839
669140
688451
2018344
640040
609589
659689
2052518
594224
640025
705358
1934173
644762
718968
1791382
599657
630217
663450
1932990
1830748
645537
1750879
731855
582385
631299
1972592
608480
671469
656368
1942230
659829
683696
640062
2054747
678112
710426
2105568
645360
633314
708735
1910439
661666
703888
724406
1795646
702529
644923
660622
2136879
645542
615025
1842665
602779
695495
632934
1937682
669231
723148
740938
2001955
608752
769365
609997
1860723
580410
574690
675727
1977816
579587
651314
578552
2018465
731353
722912
1779919
1857362
698558
1831249
621929
599115
701968
1950564
640006
647733
589405
1890744
651829
656493
620638
1977539
625595
637876
609768
1774696
719331
667112
610810
1883430
644310
672646
585187
1780119
676746
666640
541849
1800880
640049
677357
678709
1836703
577039
576812
590417
606805
1884979
672820
590789
738280
2140796
677029
716608
2059053
654309
678555
652376
1943079
719088
733342
5306191
1901720
642348
1923786
658239
660278
642816
1899176
821442
728634
640300
2031231
605347
634039
640598
1823100
668363
614409
586114
1997908
639367
585065
616792
2126798
653578
701380
2086141
667733
656593
619496
1837989
715863
625307
703147
1713673
628304
629415
673375
1931767
705776
704018
655846
1872217
645184
658743
639290
2102078
673245
649956
653176
2465260
761166
775268
1959205
708195
700773
2008034
649444
614880
636756
1857290
720212
702460
724553
2208489
689669
647939
2204080
822792
703837
1970494
1939943
2012876
1871199
1822441
2019889
624951
1818997
651951
663545
597144
1915605
760635
729946
1809511
634624
656201
604086
678893
1825350
620178
674211
667702
1928619
582918
675408
660708
1919593
828120
679910
1980561
687700
678046
629611
1912826
592468
697559
658003
1873056
561351
714370
709932
2080092
657327
644436
658417
2056676
657522
679228
2056633
785623
749976
694915
1857338
724011
852893
1996381
675892
681065
648577
2082364
620896
736991
723260
1852644
695041
678824
2086264
708819
707853
642303
1908719
597257
709195
667293
1852537
732616
731149
711191
1926063
598722
645465
671978
1979391
784233
671924
2090669
708775
808496
673832
2056819
668066
643121
1868891
620782
640391
653434
1857418
612406
684028
687157
1978280
723285
680849
716900
1850228
612937
695142
763566
1936746
619657
658998
774406
1839173
600822
659641
685961
1904099
690103
772926
1911117
702879
726717
727829
1896146
728723
711009
681668
1975020
585806
645891
718494
2000173
614932
594040
2128137
720243
737987
658007
1899585
608484
680997
655051
1894889
690439
614437
728807
1913745
646910
818309
1884119
731240
731564
653789
2045130
683581
617724
659473
1858825
670231
729013
646718
1862030
627431
657693
627772
2014737
677660
547250
622357
1769025
607529
702586
626633
1797524
712389
639155
678644
1892867
707964
612666
664757
1944829
690512
643780
744215
2070842
654695
695737
2148999
662229
657767
607696
2099130
653239
627584
1793270
1766285
725922
1952028
710333
955413
1933427
678799
614373
612731
1879225
726113
605973
641068
1738890
603965
702501
588614
1970222
681461
616508
682890
1852389
662009
736419
646657
1984351
670114
668977
687108
1872702
668473
669793
583544
1911099
1079209
629025
1922909
613035
776928
705041
1847386
683099
691707
618186
1980629
643146
609393
697996
3356031
688469
1867326
732681
718176
1981537
676197
588678
597148
1923944
739503
674533
759662
2189931
745096
648564
2011724
726331
647478
691711
1988883
