90653
58442
62861
50568
51310
65485
65471
57301
108964
55687
90253
55487
58930
56305
67509
82742
54643
64452
99777
62149
59580
58701
52111
52114
54257
62967
52136
50668
50864
66604
52412
57452
56519
72042
63273
68648
58605
62303
53268
65104
52849
63415
58092
51876
58717
54596
51485
55321
51173
50225
55507
73839
51547
50021
51270
94298
110927
57897
66379
52925
54188
53903
74366
58462
60048
52267
60198
51288
56425
52405
55757
58521
51643
50121
50193
59151
53953
50813
50115
51783
57362
141478
56847
52486
52538
51304
65670
75185
74927
68018
68829
151088
85201
76169
72993
73082
85072
71024
72541
116988
67803
71543
74571
70689
73621
67678
69402
92167
74999
94980
149112
96297
56801
70628
54068
136685
57580
53646
91935
53717
58846
52059
50449
52910
51980
49821
50323
96900
54702
85679
55738
51211
67780
65436
57866
65647
54004
52389
58176
96080
54706
58694
55896
52323
52236
57424
52611
51351
52148
52263
52329
52243
75939
52105
50933
58322
62577
60776
84924
76488
66065
52560
80186
53920
52201
51256
51697
50554
60983
56394
51793
51729
54232
50955
49910
50028
75480
53510
61987
53483
54382
89718
99367
60936
55920
72063
70839
89977
58928
56170
64837
54963
56082
54956
55195
56845
63469
54518
61581
67585
58891
57607
55960
75113
59480
58487
69366
57670
61986
59622
58613
88612
136128
61798
58640
64420
68465
58313
55223
57353
69205
136057
58783
56246
54471
67389
67244
55471
55350
56598
53935
55117
62890
80436
56124
56069
58116
55973
93321
67096
57205
56843
60711
57293
55788
64072
60219
58997
53272
57067
56636
91115
58651
55753
53534
56984
62681
121550
60263
56127
58764
56611
55380
54752
55684
63768
65433
63697
65758
63460
130589
67049
57167
57009
55091
68424
57820
52679
50780
53698
109031
71182
56394
54294
52503
54681
123544
160803
55739
52198
57969
55034
53209
177776
71418
54380
53356
70906
68171
53109
52211
64656
62662
53607
53471
52740
51251
59062
51884
50091
55454
51459
51647
50704
51290
53935
62961
63622
61638
58387
67568
51766
61079
63658
70267
60869
70582
64430
52787
51334
62757
66511
59489
85121
53508
51785
132142
55692
52545
53214
53562
50627
50766
55185
50738
51765
53834
71243
54204
60938
52658
53568
68608
53728
52150
52043
76652
54345
51716
53236
53282
51505
65644
52366
51067
52401
54552
51373
53783
96464
55138
56503
66841
82480
55554
55035
55695
56512
57167
56148
54389
53994
72263
59795
57397
57700
54738
54911
55959
180117
62663
87540
62138
57034
59686
57577
51466
114069
55015
51030
95749
54701
53792
52258
52256
124773
66498
59006
66818
110975
67308
55262
54999
52767
51411
56950
54071
59546
102079
60040
52430
52850
67780
53995
52903
51944
56447
70483
62916
53667
59973
54026
59638
66936
61404
120666
55916
57332
54093
51971
62984
121439
64767
57520
56189
55866
67144
101484
56275
55883
56551
55262
57537
88257
54698
54399
54918
62230
54359
58560
412383
63757
57027
98988
62768
50549
48965
50820
113015
53692
51287
48054
56394
47591
52447
49493
51778
48687
47212
47152
44483
43783
43005
43577
46057
53161
45094
105160
48598
43720
43774
43235
44349
43939
44146
44916
60966
45440
46303
62068
45293
45543
77609
43491
45124
79077
56482
65394
50052
49931
44681
43854
43965
46059
44585
52201
50611
47223
51700
46157
46917
44223
44382
50280
44699
60182
55842
44978
45725
47139
43764
72927
45444
43907
43591
49214
54789
52613
49911
83724
53616
49653
52587
55360
49148
64682
49129
47376
50894
52719
64778
52778
75661
47925
56791
54623
49768
46414
98693
59494
48593
53191
66660
104580
59819
54408
58940
61043
54457
55876
59010
54189
54084
58072
52437
61286
124634
58257
61806
58383
65218
72642
57968
59246
62874
69446
58605
66754
61333
57395
71685
57117
58913
56414
63046
57614
59823
58406
64763
60412
58729
71618
60444
58794
57869
56689
56592
56271
57777
72786
57255
57793
56644
56498
59637
59080
57838
62394
94883
66924
60740
57958
57123
58904
167360
140084
62915
59367
66297
69418
74274
61083
57637
57453
65983
61804
58818
58745
57750
57290
57890
57327
60198
64740
66845
57918
57863
59534
58400
58458
57723
57142
58062
57547
56931
57008
61084
60736
59894
57250
58072
58722
80583
57853
56875
58722
57174
58339
62173
57445
56220
56903
61486
59945
57548
59889
57447
56720
56049
56819
58269
88627
52697
52537
54751
120803
59258
60995
52151
52624
51535
54443
51264
53264
57029
52237
52800
51974
51886
52120
52805
58456
51282
51186
50467
51302
55733
72108
61847
51791
51842
51930
63311
59113
51826
52084
51107
52282
52078
56580
58220
52556
53347
52046
52150
52149
51636
60015
56691
51860
52453
51571
55852
52228
59496
63089
59185
54400
54762
98782
86730
53862
51861
57648
91202
83073
53157
52847
52988
52459
52905
54243
61801
58867
53328
51586
53849
58059
65640
60530
92509
60641
57771
59602
59920
62958
58665
58390
59150
58162
58260
60336
59429
69318
66887
65037
57929
57512
57889
70218
60452
59724
57749
53806
52670
66457
62768
53711
53352
51152
66211
53200
51909
52311
52007
52741
52096
51797
51329
52882
60652
52950
52495
52075
51508
51365
51300
56649
51095
60327
57289
57217
68772
62991
57884
73101
61350
60825
68221
68821
66991
58910
74532
59578
58316
65855
61791
60268
58586
57266
65595
62195
55640
56906
58550
52625
54841
53803
52962
51929
53025
54857
52351
65649
57494
53661
51900
57586
63582
60710
54864
53217
61620
57015
55942
68471
97232
69170
54180
58139
57633
76630
53232
52863
52292
56661
52292
52685
52497
55888
61357
52062
51649
52471
51759
67365
52012
51220
51169
51347
57639
59504
56731
51073
52204
55068
52128
52559
54892
52109
51182
52842
74002
63553
54025
52637
58273
53004
53374
51009
58375
60241
52056
51633
53440
52128
52512
55038
69674
55144
59622
52911
51782
121886
120879
55427
54446
51920
51603
52902
54071
68952
61085
53543
53538
53426
72610
54221
57153
57711
53284
60606
80118
112431
65905
57710
53000
92803
64122
56073
98211
63810
71345
54828
65604
57284
53349
53442
53625
63449
54544
66349
61227
64779
112450
104295
55513
63754
62557
58569
59907
67791
65212
59592
57854
59014
74519
63204
137840
58144
96692
55208
92649
53786
51582
54442
52336
51848
69338
61210
67720
60277
69654
90800
67176
55002
52111
52675
85098
66412
54173
89075
57169
52699
66015
61027
83535
57866
53021
52531
