825013
873044
830230
863633
808008
885645
1294158
879439
1003393
957457
950442
834511
859735
888699
882659
945276
833467
930985
872390
834803
928106
709515
840762
761964
787897
714257
781290
952122
787521
818788
806069
866739
877857
791882
884873
818498
1016483
868872
811064
788861
870888
936105
946185
870147
869630
968778
764721
884930
822013
757041
896608
865123
905442
843764
847859
850382
854853
916546
905830
2846589
813669
777427
2033069
823231
832960
817081
922608
808819
769252
828898
1003633
956526
854782
863213
807119
948338
916810
838133
839794
903713
795724
1040001
856846
781345
751177
768786
861211
735714
848228
947432
842661
891528
814175
757681
808271
715306
1184526
800580
985296
838344
890560
870237
862424
969076
944406
793823
846251
876842
888379
880497
764743
732695
748133
827649
939389
954645
858164
793446
871120
882614
898252
929102
1024448
895406
745859
775956
760517
927721
1092814
828968
729972
852357
837360
877662
910670
996781
865779
853609
967989
905452
840263
973488
836291
927467
747190
772923
869660
829639
788091
890412
833663
912440
979817
862047
831598
866229
870693
914317
1028736
927389
822202
895089
1151028
883743
765325
992923
1089091
878811
935769
1115559
1041950
978627
901880
999953
1119041
908456
876300
1058078
1033394
821091
847432
857212
798411
864912
864603
836315
920457
848783
959116
815431
819767
799076
983413
786606
915612
1054222
814917
813807
1006327
864387
908263
727366
764193
765165
835325
968065
767788
888283
650274
696402
855697
845534
930430
812372
828625
773240
821966
741820
808840
779314
734072
851863
849321
855834
853813
835848
905286
972645
735884
845649
996709
854346
685517
867301
845370
840340
871506
879216
868396
969993
818051
782165
769368
764974
887890
719399
721510
823340
732251
867963
781374
814981
1285382
855457
899137
888189
794877
817229
848005
848563
970536
831012
830529
824958
856019
740557
909117
875788
872448
810144
872744
1023814
820133
830706
772616
784888
804480
716854
848831
868365
937789
684143
749180
796390
845345
698647
850916
755188
950260
944034
849098
1009362
805016
688009
829139
775471
774225
713717
838488
781554
779471
793989
839107
897704
767119
795436
776657
900154
801374
791201
836352
848708
772456
878970
716961
794666
819071
899252
792514
861310
758902
769772
670592
753580
781705
833297
806770
751311
807764
882854
1130010
857785
870449
794162
775591
761066
874347
601313
787473
905292
853755
820523
846420
847313
784523
730573
790333
891134
753620
795722
873909
791942
951703
859306
874618
805019
892812
760096
1692507
786855
874234
794749
804487
696297
793257
892250
827565
796935
757038
787118
862389
871581
847167
703869
757719
852736
788456
847703
935091
923898
872345
795857
763848
827423
815290
929171
786654
2340559
904335
900506
876784
886081
935778
815069
840983
749459
701657
777439
769432
911519
854157
914926
743090
903442
770379
871686
906496
843061
822880
778572
826545
884680
797348
951919
966049
830198
815727
914717
866464
827273
948370
853800
832513
881591
777902
832607
836151
875635
1994108
845968
865565
784760
1027609
931174
909203
753809
790445
808364
893783
984268
843431
853915
702317
817224
784425
845782
754025
764644
768033
1010895
729714
1080152
835611
755139
722237
787771
917352
901788
839604
1122566
829153
886809
817524
660566
761655
751442
895337
935242
879421
759734
817740
787192
821925
787620
787868
874182
850075
851897
1044474
766592
803509
713471
777955
879520
896856
954239
923418
855156
753422
739302
737963
835140
726978
818279
864190
780059
827982
899937
831432
869130
872791
793943
780038
727653
763386
992246
858493
762719
758524
1019468
868256
718244
891272
848820
880453
749754
963737
730119
848413
914094
826543
756540
919933
760922
762514
825151
868468
778854
764899
642696
779882
898277
805604
700655
765659
762499
864304
795029
782031
935277
780871
706939
692836
939923
989832
891213
760781
917645
746934
900929
829442
851569
826037
827010
821446
829321
934672
788140
703216
836282
1008524
886081
904792
983106
817735
874443
1014597
843885
775533
799031
823415
816836
796939
804681
927166
881795
777265
785323
875574
825369
842109
739686
888800
871217
949069
851738
827664
943567
892028
970159
890444
898433
748822
747979
995966
833795
1001935
758166
988963
857302
893217
1644646
820470
766808
786685
707399
772591
788122
834413
783119
765270
864619
891830
850288
838321
812877
811030
753819
910547
922835
824379
982202
921076
878586
776244
700050
786097
819218
684359
851227
912032
759927
954289
770170
803018
801035
896806
919462
813831
830584
680580
903228
797829
893363
818133
847485
881745
820077
842814
889620
802767
820913
803800
1065440
878093
835696
820254
893266
995602
846369
767311
779193
815659
843026
768835
987037
869216
758596
991470
965605
801468
865237
852116
938149
985412
823869
832002
937473
779428
900383
957803
818160
878696
921459
819308
785693
866762
838620
986717
810376
896796
886937
774285
987129
879672
785453
908390
895247
838189
795662
737103
882708
925469
958113
948874
927632
902897
917200
930659
715151
756995
810744
873621
834786
973225
846807
836967
752315
806753
809826
791937
820132
787817
894676
792021
875493
947950
894913
904388
871038
776898
716057
799535
761760
994630
903534
1014473
756219
802592
718216
900880
725197
876703
1081299
802457
804178
1004418
921066
873449
840942
964214
814670
723180
815224
884917
876273
935899
905141
915434
858681
811763
847708
870875
808565
799280
874775
907136
950918
850655
1052372
742838
694017
1035420
783191
740946
810799
821616
836259
830212
839259
831445
874479
886828
778209
731791
697600
749187
760623
845754
902593
759376
799191
877202
862382
782376
768063
927442
943872
761329
941197
810426
772877
847076
870051
897545
817114
838035
799067
785179
888093
778309
928288
814040
858720
945775
890455
824558
747287
895907
781904
778006
899785
825853
948820
969127
1008464
793496
1057397
903160
812019
865514
711078
795178
880132
880987
786147
740809
720619
848474
881715
791000
847469
843109
794495
874781
721910
1069725
959144
849199
815687
942019
972639
903921
763240
806609
803054
857415
826985
754819
908843
784886
908542
866483
862123
796400
807748
826867
799804
857565
878757
1151137
797119
826287
842011
906352
975814
914593
864582
1011828
930527
1003722
863082
1012075
899012
935275
802036
798649
817345
958909
790701
852629
827670
933086
962382
907075
727373
984508
1056871
885442
837694
822711
800973
966553
924584
867407
938001
783895
812349
822012
854359
820825
942326
875293
905505
794392
866180
720360
920945
882343
912032
905611
801193
885345
917923
863747
901580
899372
920146
871120
790201
877719
718315
840209
834547
965483
854349
976357
834530
936317
1168668
908498
806974
863584
888095
1016497
980995
902923
800793
885859
885761
965337
1070104
898732
788747
885502
940056
847544
833082
836556
755001
845441
789347
947301
991779
849454
834352
855659
946460
985220
1031834
852351
973293
794796
860019
911012
911207
960944
1100784
843113
832104
1004801
815604
907890
869148
842854
816018
959389
765223
782167
839607
785499
815443
808414
845491
739939
875824
956728
840159
790481
842260
