879997
865594
890191
950808
742983
949539
1007329
786361
953892
796834
857139
1053171
853949
739803
768853
798595
682651
789062
922967
976199
834562
899361
738588
833596
786837
867170
999279
814741
813900
945550
782001
763438
811988
710291
729379
810128
792719
788076
756425
768400
753043
736316
839935
827515
809257
904442
904281
836845
833389
860891
779833
1038542
833134
749062
933377
1142860
812420
994625
788568
820338
1007740
924726
890008
744632
896184
758169
788086
824908
841363
848210
824907
964096
697321
776312
732728
808305
867181
839518
873327
883172
933197
902383
797664
899552
934920
929392
788205
839064
845257
733714
794109
909799
767904
806251
972441
756041
765073
912075
799814
859162
848997
840538
910062
987996
879918
971966
752940
795757
818400
859280
932813
747053
929810
845661
934291
760249
838926
915436
817395
782394
805252
888805
1148199
773248
1119260
834085
934028
744180
1263232
762814
926418
946694
822537
844811
819388
891611
1131239
819713
707443
847528
762330
862951
794126
857287
900989
873930
783934
810763
785114
1015038
964498
861188
1049065
759717
917714
932331
879029
1027404
967552
941638
781147
912097
955846
919541
1040488
925172
916793
982443
897369
863271
1037269
856839
899209
869476
878089
995206
733049
876143
879734
723568
846887
758479
870696
1079786
878836
870081
837559
933552
892373
957516
891597
767606
739145
923771
808166
814783
956494
910112
976394
807675
914954
908681
871847
956291
874837
885690
776781
904670
956524
855927
806584
1047553
6131287
1037391
892856
819000
952938
798388
782050
973470
826030
765701
968740
862498
838355
754669
788938
840281
798928
775954
874646
682740
932097
873353
820169
822894
782303
786017
758957
1009132
857433
992839
790477
839331
896082
913861
857396
853083
745804
818628
904305
826477
885094
820306
999484
863719
833639
887188
842134
951764
848292
843226
836851
831400
800779
892402
908561
853935
927456
910636
795249
923897
781344
925340
871158
841977
804759
941799
763441
901632
769791
691736
874851
954843
817331
907481
955080
1024402
859257
838956
894727
834120
959295
795493
795730
805669
854304
1122469
827805
953342
804931
747649
824213
864149
802094
826236
835196
902713
757392
720338
893362
978993
863282
804767
814629
851931
2629494
899273
900662
736788
768932
822775
787743
1055333
1026097
849884
848011
927002
1034680
910483
781340
869352
849020
810302
1954407
818330
882894
854435
851196
869930
722603
821360
742160
902224
761458
856768
811845
776666
899613
824548
884139
774515
840028
842182
926820
820208
788017
1022598
811778
963671
919891
848477
806624
827519
979509
850645
754873
993759
856104
1238967
832275
903539
777207
836110
902466
817687
907347
899533
772393
956736
901920
841314
827962
843375
880596
772055
819511
962706
858772
907867
971853
942454
938797
796699
757683
821825
780628
894141
865342
818030
773830
821836
1135413
928686
838686
839739
902485
851714
894296
860620
886352
1106397
905319
908851
1074303
790194
844366
796056
859449
900487
883070
814644
867324
946990
859685
822622
1063831
896364
835429
906293
846118
878171
902083
791170
850753
869320
896598
901391
958999
911003
861615
934642
746596
890121
959521
986213
830209
1129032
1181845
1039337
810908
857393
801922
850466
934713
951683
849573
1448285
898852
904464
948363
928545
788737
840389
958171
824303
1051654
811803
859812
791986
864476
831801
943088
846842
802240
907773
756079
841168
973113
917189
932079
921161
949938
962648
897224
924543
860695
925442
892458
793094
880054
922656
869286
774493
865917
877290
882553
949513
851256
1030485
882339
915754
873049
810706
947628
814228
799516
915525
1044231
770933
851546
847921
846713
955742
922683
790864
916916
768564
999962
939904
829520
736887
1144572
869810
745656
909538
855873
943941
833900
870727
867949
944333
905661
896956
931118
854803
833869
919305
915505
837030
786337
795744
904723
990797
836154
770793
866830
851122
775143
797176
716568
956368
788697
774817
853481
745246
937509
854003
793095
885648
898556
977100
823725
893074
803000
930751
789285
847223
781718
805274
887860
870510
869226
856167
877054
819026
782605
874273
740080
974098
855907
802133
1019959
952101
845737
760042
849245
881016
853846
877557
749371
848337
849588
774572
942101
1196124
813376
908384
765264
990297
784607
856090
894865
801019
718254
861451
821627
662101
827966
884906
820803
892601
779157
697817
800534
839777
892377
824048
925168
918804
850770
863289
813222
863608
790655
987369
873644
809978
804775
883702
912941
849499
819403
905009
3293130
826842
889515
935277
1006474
1060089
945713
861616
1110114
829820
1013600
926792
870736
793466
986105
888606
993564
1016307
987982
1015580
992995
944600
857612
1064610
898358
1001928
984230
1028606
900114
906852
964023
887700
815784
858313
886070
853989
1162699
1256940
966129
908995
945750
1108967
893981
898062
894831
767715
898049
961887
764993
842969
1048209
852866
850712
854977
857707
868480
874788
842459
849585
797913
885072
785092
809198
890218
856090
932420
785567
802933
794489
815739
826949
732095
901674
783948
802992
979085
908368
802135
931402
844951
762367
772679
866883
850267
833551
1118725
929286
824726
751483
827030
786171
937345
930044
927040
835379
1055641
818826
781542
774695
933778
685070
839345
753681
969389
866145
892741
770394
893791
833845
769872
697420
800916
800161
805023
816435
853958
784025
800795
796998
907841
770259
828738
764910
851648
696680
835254
808866
755733
777664
869893
834559
952763
1009329
848921
792518
784478
778880
803430
854830
869772
819061
779483
837525
933772
837680
970713
827741
833334
1997415
854509
811017
823614
722670
919089
891892
918299
896080
1041283
3354644
954214
955781
1032197
806688
930992
915904
913160
978502
852434
930953
989326
829529
999663
1066065
839103
880437
1231582
1036441
892790
2133942
1449163
904617
884644
856117
706872
925347
892747
798149
1620511
812769
888064
847550
703816
830357
837478
866907
794670
909624
731425
832417
724123
901425
883151
890811
852481
746032
856392
707964
798964
727075
869746
751246
892239
774957
754129
821085
817075
933223
803420
769426
918502
1015377
877472
867872
788476
781983
1046826
919691
755663
832979
895179
2053735
745128
838186
790446
832617
789854
761239
841479
789317
878812
818054
868465
843695
844150
882957
870086
916292
761215
883054
825582
806303
767513
777392
791595
958123
936174
871486
850806
926598
838272
923209
921084
1009521
802815
762086
813146
803050
793097
762269
821525
766454
804108
866998
876007
816847
943588
816544
778022
825800
869649
762273
794085
860302
809743
781183
816649
775732
747625
794144
1637596
798518
821074
796700
808569
793440
881675
870284
867542
887104
818728
901913
867886
937983
848285
885029
735648
865887
868557
856014
851114
933020
766224
824252
858578
841825
861087
753393
936515
972996
858597
776453
1027587
849630
853342
826978
972600
925209
878438
846899
879924
885847
908299
1083599
945422
833717
996542
985197
850135
880486
931469
4044366
962438
1006798
858051
831913
789764
794496
921393
995639
887205
996462
923842
1082736
1053564
761509
924655
911028
818063
889597
940640
818363
964580
857188
788399
863257
902724
