194335
194848
177408
156043
174006
206773
160680
176312
192386
162879
198397
184060
165065
157604
137724
163861
175173
189589
166202
186351
209179
175184
332474
235091
186034
213073
200767
179535
166696
203156
174010
182310
164336
163460
149762
162938
140009
160773
170107
236334
168182
314558
172000
161454
160335
167113
160414
259244
193670
169697
159177
163342
162123
206310
193298
154189
188362
180450
159558
171870
162222
220887
224498
195638
180564
203762
207240
164497
157051
163990
163240
155472
191194
138237
153571
152600
141441
166631
165030
173535
153115
250184
205618
162514
268894
183124
195402
163646
189308
169201
156126
154203
169720
200897
202104
175171
165734
214435
199139
196188
281129
171448
155490
168068
150818
177616
164451
174246
166332
168588
155113
248229
198648
185200
172925
151798
204340
210384
180490
188455
165393
183449
214255
152969
159957
173136
210062
172991
184223
199946
196875
165088
200545
175771
191964
247257
169855
187729
174156
175229
194662
155200
143694
196114
381633
209411
262460
172702
177976
184102
201100
174654
158958
185812
170570
168012
185649
219400
167290
164660
189280
202977
207766
199455
183269
213184
188431
221974
185192
236826
206036
194553
172094
166832
180246
157883
197675
199301
187005
162978
169939
194677
198280
178066
174442
152560
266971
197266
202368
185446
208163
242733
235223
193279
185448
203902
208724
182052
230003
180600
169614
168662
176385
174590
167484
195505
299537
229814
192747
214574
261794
199560
171838
206580
182860
259669
176720
198631
220134
173329
204743
179734
176856
193022
209045
200877
191769
181178
204087
162089
173969
192674
179971
219326
212872
176578
214493
194241
189157
200424
177154
220105
177542
185485
175748
190024
208872
182898
216771
218135
202182
200660
179568
209183
184889
179004
223693
174087
171548
204960
224688
323896
259266
177469
210894
170585
185889
177368
209905
185432
211620
178049
188014
301294
230229
187383
200492
204979
156958
165241
160969
166880
194991
220658
186940
165111
159496
173198
169971
178506
154762
168620
182212
168303
162200
326088
220593
172126
224148
194939
248106
181785
189749
189453
197334
193954
188091
235736
205852
187770
208514
185258
171503
168312
173431
204425
173714
175977
189786
163269
182354
224877
190265
181713
175559
190074
228448
182441
191414
210898
179052
169040
188741
187469
190448
177162
159837
166729
148845
182131
176780
169140
150551
206792
207326
247160
203859
191500
211913
191737
227757
268599
187243
182305
215460
208116
168171
218762
190180
161715
178313
182216
144281
162358
175750
219580
201220
176192
168457
218398
173890
192862
198788
171932
167391
168896
161094
171576
183518
163164
164947
168087
186259
160209
188777
230547
188657
202726
176168
157282
252271
179193
258226
210817
171745
168264
169671
170318
155882
149477
144172
189173
168129
163148
158711
164018
173774
209152
232494
222320
203573
319354
319977
167968
187466
204286
259828
201898
177118
185505
197254
173996
177103
207458
186308
177137
181306
224351
185330
186193
184325
209468
231260
211952
210510
190567
186869
213054
177016
173568
175491
162323
175302
158788
213862
288669
210385
179926
224798
173832
172062
178243
163730
214484
171232
164606
168620
189118
214558
212468
200134
180450
173366
241108
172926
170245
168532
221513
172894
176848
210498
169405
174453
168592
155003
159890
165927
202303
232210
184997
184592
195626
194011
208522
257218
197494
175762
244634
288180
244899
178265
171457
173502
204140
160460
180391
160597
211738
211473
197497
207388
229649
238176
337994
222794
175718
230720
210568
208077
185123
177068
207879
177528
226989
179103
174014
164109
187286
173180
173338
193471
172291
143303
142669
183272
165386
153606
203294
147417
199438
236295
226820
169276
212540
168895
194272
190442
173123
196492
206042
188434
169306
176022
218640
204514
228771
169336
176611
197426
173745
158974
156278
176612
162678
158924
173642
173882
167440
164977
170559
180122
158742
193496
154993
234406
167637
199015
219741
214800
168048
165583
158922
159931
171720
168153
145820
153130
166316
162633
163365
148860
159831
159472
152496
154598
192670
208628
157123
189834
175576
154952
157758
167514
162267
195516
217920
230145
177877
193426
211435
195905
183360
181366
195373
168674
181992
203460
205796
200850
229244
168036
185078
239328
180038
176747
171302
149787
246426
203554
177528
222932
183251
208747
204300
206207
235448
189700
198291
175260
291366
196751
192541
211122
233332
229406
200203
202572
199816
171458
175572
200926
180458
201110
185101
166678
156706
180149
173742
209500
176888
191778
175900
167959
181208
184056
160852
197074
189279
227464
171069
208948
187185
215182
219760
223803
190566
203686
169189
211623
172589
165352
203179
208521
181102
173766
150637
161563
337274
178440
175455
172775
217594
183496
181203
204174
180525
181137
162855
153300
170512
187628
156994
256380
167942
182807
174613
210176
214058
214529
180159
195442
199327
212928
156470
243821
241450
249168
210845
237298
182150
242802
175687
300722
190649
189181
188492
242016
261979
345752
225820
182946
249430
227641
236482
192639
189104
224716
208813
180138
198662
159675
156449
148494
288829
189674
188160
217986
177816
189700
347270
195852
208025
167257
190226
170880
183442
153143
263398
185863
174704
165774
184049
177040
154404
148135
194726
167912
211208
204401
215065
196554
169695
186314
200821
198772
181550
214946
172786
185053
171320
161241
149311
179698
177475
184144
233355
169623
199048
181280
145928
149274
138131
140407
202502
179058
191844
168035
170130
167172
169004
199655
163933
183362
231414
190400
215923
204115
178711
183553
178042
176816
151687
158035
157465
196628
193262
187436
206865
172133
167797
158627
184654
166700
210552
177476
170252
176511
182303
231325
216378
172119
224610
242909
246876
252620
183515
183563
184570
160017
144971
197660
149245
164380
147156
178573
170868
198354
183318
335746
186862
176264
166492
315402
205429
192143
173144
213498
203993
183943
177020
178152
196982
191409
177293
183290
194872
292698
193405
229034
211514
219328
176977
200757
160589
164817
205816
199354
163025
196370
165822
215442
203626
211466
230101
195862
182069
181598
227071
205997
160914
175572
171841
193465
172329
159557
218443
251282
211232
212758
216970
179079
157497
165802
205355
242515
185403
166860
226442
162674
193726
163443
195675
231018
234120
183032
168559
176623
204834
201696
209077
174430
193382
197989
160308
262986
180182
182432
170907
175391
230320
234356
182858
212919
195240
243800
177660
211739
814088
200529
260244
187592
202518
167042
186451
173447
183653
174544
174220
171317
230164
226359
291671
193289
168859
166021
152070
155925
198697
160985
214083
182004
180412
163200
171469
247717
210060
193408
205418
211426
166576
176978
167098
164624
203986
172102
165103
185320
201348
176680
196317
170997
199635
147941
159477
169544
213695
208660
165739
170961
196124
170357
180397
199763
177182
166100
154246
286753
169064
171403
166756
154053
165731
169988
174592
187453
152074
201265
245240
172576
186134
