253429
250121
182671
307903
189437
228124
171777
137980
222190
158025
187830
161250
156637
192255
158049
143430
285681
177677
186110
140781
222518
171978
154930
142680
131718
159846
134877
146018
139168
128477
131077
144370
145654
170988
132557
130971
205280
144033
133091
127718
131901
191472
124653
150049
201479
144212
137184
133827
141029
128779
167116
169461
180995
150293
187305
156458
204726
196547
127589
162920
140441
187357
159511
155764
148528
173824
1908753
180853
163590
211906
194424
208753
194208
217082
166687
189930
215147
141690
182602
250482
200398
194174
158523
149148
174598
263183
185630
268791
177533
179916
216423
142204
217581
169857
198367
176828
165067
166210
145571
193380
203498
260120
183977
157297
179760
150572
381555
200869
163145
148477
152602
165829
135368
166798
197451
182440
181372
147894
154886
154638
144340
191332
172411
162528
180669
197209
244405
166820
167446
144137
141916
208915
214537
196371
186781
179168
146900
161076
164537
134857
169252
202692
174369
209664
143712
151244
157706
154103
153389
155634
175152
144576
183365
148476
135801
176366
176977
145984
162482
157758
137880
201307
258196
219627
165932
159797
140918
146806
133103
142427
157154
157281
168949
135179
148001
155140
152326
152413
149463
198269
162806
182849
200152
178860
180127
162647
169858
169184
138813
204955
155568
149192
204212
246050
173530
167892
177995
181910
171951
175302
210851
154358
160258
161428
200551
205496
189495
186451
170800
157443
175796
168634
149540
133885
141235
205783
182612
154622
142212
158094
162178
193648
136487
183900
206720
155134
139994
149412
152205
160275
165455
188197
203435
163652
186126
174718
171549
230636
261965
144102
144679
130378
169292
157947
188450
154563
188412
157086
176715
191446
183917
144883
151849
157346
136764
142346
241669
170662
163642
157462
164015
204929
180877
172444
233284
223782
184364
142389
175288
143605
258722
195545
160490
167573
179262
149054
186326
166874
152521
152982
171368
153338
201586
138024
170820
154957
154552
145930
147410
143223
145105
155030
169636
164815
164796
395331
218513
212794
253397
239453
167571
165374
149954
203848
159070
182812
185114
173291
200647
248818
233087
172991
167423
220672
222488
292084
201367
170551
255287
174356
242284
224994
236408
173010
169801
155342
172581
189964
170556
182053
240195
205876
204540
157369
152839
172636
148615
203772
176689
184579
191057
144220
156775
183077
149760
139883
200386
312069
191273
247746
176300
189165
167288
144065
172637
229631
165705
149758
214570
141053
175341
149578
162354
156829
181317
163338
135652
140254
155703
165666
171712
167126
142851
160520
143576
133662
146177
148239
149712
174905
253091
216309
160170
135600
210905
143114
144529
145162
206354
156680
150732
159938
203268
151160
157631
215735
191290
501445
222923
204041
245113
173945
195417
159980
166176
164116
177136
141382
153965
170380
182016
134415
288054
200733
184676
243554
178868
176280
162058
145069
142684
160522
189825
167985
139736
136345
138661
191145
133972
137743
299390
192881
255068
176490
148523
210268
177010
154490
164200
143805
215991
207135
212378
230370
248814
264464
206750
174793
291206
187373
160676
146114
142026
181254
211793
182062
312624
191640
148065
140022
170080
147386
235554
158531
255309
193653
209969
163450
330304
197479
178911
172660
189255
171850
181045
161834
174786
231185
144210
157410
157252
156640
143828
191296
138358
125333
170602
143198
134880
154274
160317
228564
171251
246177
176985
157452
163745
152413
250442
226003
164741
176666
153253
185280
218379
141254
160780
170741
157560
160849
162630
158891
199224
169815
155631
241416
167570
158884
225635
176372
152873
154746
195615
156550
144000
160653
150396
222626
151852
200557
143107
193990
144547
155475
152691
253622
196709
266305
205287
181081
163626
155668
144420
185184
265682
185984
185742
212523
164916
186847
146398
151898
223302
204506
139217
147382
166879
164598
139709
193082
147753
173549
210717
163180
145928
183131
146768
137874
160564
146637
144568
152448
157623
176121
141513
202319
127560
137178
149059
145967
137834
128401
159063
165313
176666
146649
140637
174694
178120
216108
169535
222240
200942
208731
159762
184793
151259
147606
158623
159303
158879
197351
157704
159319
142552
160091
188367
208791
207496
149924
271919
186383
167526
201426
165289
163372
127483
194637
167328
133476
154670
126045
182118
222184
171917
163888
159095
160671
143776
200084
136202
226463
151644
161131
152448
155191
149931
135101
169944
216625
168892
227402
166132
179451
149140
145460
135620
160062
162382
155545
162949
154853
168632
151300
190033
160327
168260
155470
158504
168796
165116
143303
223659
153725
175005
145740
150643
149700
138830
189249
168520
143032
146702
153786
284677
227794
165623
190045
163049
171183
169591
144884
243196
244418
171441
167805
138053
141747
137337
127045
150335
188797
186946
138525
148249
151638
135040
207068
212710
178486
164177
192554
131161
137906
170836
152959
141622
181287
152035
207351
156006
153742
156375
149707
185986
241488
156280
166425
170145
138038
130108
170513
189628
154196
137264
208922
182428
181866
144469
141775
139081
157706
209019
140447
174285
162791
155269
133763
156004
131154
132436
137741
187942
139347
132638
135865
200874
144770
166040
216896
252166
171874
250471
174317
150032
147244
157694
172787
173142
144339
177267
141405
143803
197607
150535
172782
192548
149080
144825
134156
135324
142610
143672
142903
149832
149500
211362
170270
159503
164481
146153
146340
159148
143922
185600
155143
178698
153901
145842
250100
203428
184707
184929
195667
198800
138409
207845
201276
183151
184996
155372
171380
271748
162308
173480
198953
168029
145271
164680
143611
180909
159742
160860
218709
156051
157643
151965
132224
146242
150417
173161
162675
163937
187891
245640
182782
251356
238765
222631
245147
176834
191566
174831
184734
201627
162074
179203
208951
187840
201792
166514
146147
189346
165818
171454
160085
157812
165381
182480
159873
181393
190791
215658
254318
172752
175094
212985
183896
146080
206453
135037
154338
146734
176367
181237
183851
264559
204551
173621
165211
161824
160174
194451
147297
199602
193172
160574
143710
158062
209577
220538
172850
165284
170562
188126
160680
176192
169315
169604
149588
153146
143668
666151
195533
168823
168720
186272
210266
204642
182362
145914
147920
149012
153942
139691
163377
163312
139239
169456
179058
136976
163234
134376
167609
135368
136980
135096
128906
136865
140999
142560
166415
169787
294570
212279
166933
168542
254728
186971
156738
139712
168567
191043
147855
154794
230665
149640
143652
151553
147484
141225
224435
152855
146298
199760
140076
212753
183834
140710
147427
152177
195641
138746
192673
144338
144449
183820
144855
166450
151601
202010
142246
167740
170060
209176
191452
231951
332987
195592
162716
192472
195773
134938
169798
146606
208136
163945
156011
191289
153264
163871
149132
149662
218515
190718
169782
196506
161880
156444
142744
154435
212959
132680
134474
222366
192520
164668
148038
189199
153333
