221226
166180
173918
181386
283988
171469
180187
285491
238766
189152
189774
207729
208796
211148
179152
190236
261352
170772
260407
198033
189522
222888
247725
238081
249042
192105
204152
213022
219727
243728
201042
175719
211058
207096
160402
187806
176937
204666
188897
197400
224454
202706
203552
178288
172495
164612
227262
219516
197206
203849
190386
194134
175338
145577
206606
171455
164217
249325
210378
197302
219624
343844
229871
208837
226662
197308
214305
193998
162016
181424
188550
165562
162354
178555
194520
181337
159852
142673
183530
178847
198602
218217
180702
162499
172757
239343
196477
238121
193515
174823
167188
173572
209031
260915
276134
242755
223551
231140
240200
248274
353805
201553
206862
189448
156542
205296
201008
152739
191629
194654
166061
173078
222387
207936
191953
171456
162928
188767
180917
214342
188318
155315
184011
180896
155162
180247
148240
183738
207749
260448
238749
188226
218320
184250
250588
205409
195765
178092
198541
211790
201605
199664
173466
417005
266850
244086
301242
186705
197251
223596
194634
194302
165242
231100
183965
216148
207656
190311
199258
191688
220240
238958
196113
200742
222577
301856
213607
229930
208396
189168
222596
238686
208120
214268
204558
207190
149893
247455
165240
190636
161574
189817
201338
151356
156160
151876
169914
202908
243244
221852
195651
202065
221742
246339
200533
239351
195251
238877
201117
221162
190188
174701
226058
301463
216552
307794
194735
229518
341542
176926
191948
225556
199578
209037
319043
211541
186615
197080
198246
186128
343437
231132
234128
229587
192834
181112
204689
195091
190898
204784
187237
175218
246785
232977
189985
220722
194749
228799
210161
191955
215822
253277
229685
231752
202427
217506
176149
261853
228288
176518
197628
227667
202822
224329
199517
206229
229983
207112
172736
248349
205243
252208
306789
245160
224748
208833
265288
216928
267438
194308
246000
192180
193178
201856
219236
197072
182949
194938
198348
160109
167416
232743
248606
198206
186434
198315
198401
220067
212972
171511
199307
199113
154770
194288
217113
196995
207182
269572
188436
200560
352028
224128
208025
229691
206737
206459
182815
233622
219632
172670
246005
194991
236602
173589
191400
176809
165798
196552
173594
240832
211313
239418
256400
213201
249971
218700
178310
225792
236798
211000
278000
195452
238603
193098
222736
177059
206063
163329
174960
176844
180882
154565
177051
169026
247602
387193
191469
257258
208719
271559
220390
195850
211221
238835
228430
190626
186945
172574
196592
183077
187565
179908
175577
171390
171387
235990
192478
237312
189469
251264
179032
201198
175385
197647
202694
180494
200566
180289
190843
234520
218385
184460
226288
245358
200295
226125
279176
173214
189746
177402
241657
208908
195398
215202
179648
182890
176148
210802
163351
166560
160016
168760
169504
183409
169298
175978
150542
243189
241563
235831
226000
277891
228291
205779
191806
210840
187437
219522
174078
227084
168292
241546
229144
209406
232716
214777
199767
235452
202698
259751
214455
197168
245622
393291
246534
208522
213509
205314
201218
213176
191280
164926
191428
173900
390271
217457
263800
229745
193293
174871
203444
179517
161869
203048
201327
168234
200560
194409
286502
228520
182614
222434
251915
218313
185738
204977
225003
259931
183390
225413
200116
185592
207269
163777
171397
260852
165937
263746
198751
286402
195897
204344
212171
240151
198817
210417
222042
170071
222258
244969
208902
181738
167136
201518
169053
205366
202297
259802
239120
210178
214826
202603
172245
267499
210339
202168
259471
184997
188135
232552
187075
241449
248988
169934
168180
190350
182400
206994
197440
211924
180304
185569
168371
148708
209163
188577
180648
207015
202713
169166
172334
235516
205365
168720
233135
260980
221700
247395
228230
233652
188841
186163
163381
166405
182706
201020
183698
194852
192537
205223
192526
197608
174349
170631
198550
231688
185508
194863
215618
183209
174346
178035
208892
184661
174709
213067
255386
305051
217716
185255
190086
160233
156111
171366
202625
153591
146744
158140
195100
147137
186600
188437
169486
172951
157323
161924
202753
173404
160536
172529
145968
140602
148282
162943
280733
214842
186817
191534
180627
187230
255516
192012
193991
288321
168350
192663
194116
230400
232053
264004
201057
241174
215173
202154
198061
189071
208112
308563
259782
197726
207643
219846
233058
187949
244701
214425
203553
183756
168130
197046
204624
227003
192517
244716
236388
203240
227219
222697
217922
251620
197651
229424
174808
178869
206864
166252
190118
209077
204228
217340
236471
179860
187399
205804
176001
192810
264722
195499
218812
186772
184109
232434
212333
344038
256048
216436
244010
186268
173006
204569
162671
248954
205851
180289
207120
188858
184344
160606
222676
242257
214893
180667
225852
232531
176771
185257
203197
178495
188807
191802
193404
190731
186661
198282
224184
197262
221498
211411
220565
196626
254240
208012
203598
164002
237430
228508
208414
230376
196296
179006
617059
194409
207574
240810
216858
218766
195190
230489
219864
254500
217370
216022
262977
235494
181606
209340
193854
213362
206902
202768
185539
176808
151874
193805
201342
192680
198090
206500
195376
241387
250666
196202
208779
215597
195967
209266
161829
187434
256223
202715
211131
209766
166647
206810
157083
181062
181021
194539
196101
195383
277260
190186
228429
170827
176363
220785
221559
192306
186845
167153
175777
151361
243935
237550
239965
263609
226834
198496
179609
170542
162704
160503
145857
155777
267058
191531
169539
222634
195072
215594
161890
196125
164994
201229
257713
183507
180522
194596
233076
198054
160689
170505
168047
169399
226384
161961
181242
260972
176242
176043
160934
207913
174485
172549
187632
196149
171517
177669
185192
220674
239249
216762
197624
191734
205670
204102
214858
196885
205557
175729
162473
192704
193706
205552
199015
256424
190806
250912
185487
221917
198565
179535
170766
210077
188595
198862
207796
194548
201999
182906
216039
203494
186613
236812
191897
218472
217558
236359
207279
261843
193587
201676
197954
203259
198338
182031
209447
214860
236875
242501
232027
192909
224583
254769
229395
250402
269575
191904
185567
167435
203302
222171
190349
205829
199344
240402
224429
209405
208710
215882
175646
194865
192902
244332
346075
206006
179663
326049
192769
225258
207660
175489
391748
243229
222235
229626
220846
253740
287681
226142
204937
182101
154201
176557
190147
235343
184266
189300
229016
203944
192821
223124
198948
250554
200295
210167
213534
203447
279786
252244
215830
203575
190316
167287
208294
241747
199518
185372
232260
202844
183658
196775
238270
207654
177364
170300
176473
193380
186211
149880
244636
208839
166482
194026
340850
260885
185317
201424
201641
189758
155383
191722
189508
231230
187112
206809
207211
189658
199217
172877
192893
208753
176577
159322
191266
243080
198994
180940
237253
189134
207855
245518
206254
199570
196525
194548
200658
205801
198560
173612
213875
183925
195900
175119
188178
169626
203496
254675
255557
195462
