272488
332632
193032
161131
154145
160844
181137
179905
131073
198991
151318
132033
133632
150782
148946
146197
133229
164998
190852
145289
190428
174781
132066
211200
146773
148737
134609
145686
140903
150531
148245
153227
149816
157441
146429
148445
145520
160254
146864
161040
157594
168971
169537
156690
199066
154441
147034
159654
275107
210241
160400
145142
168397
134563
232972
160160
159785
182004
139142
134702
151349
159617
176125
195371
152903
167580
185676
306966
195253
235584
205190
239430
199129
204574
176772
209073
197041
170592
182534
159368
148145
190102
184162
173398
211262
159765
169537
162889
145225
207389
146496
174574
220881
179893
157697
158931
189939
181472
174851
194104
153972
149911
139493
151088
161240
220983
367212
194040
192428
167883
140954
155837
142031
224682
217758
224145
270144
236489
209548
227591
198499
222072
206198
156353
270467
229683
188931
178414
217260
240744
155534
173311
196257
216319
171889
192569
180386
169608
187336
195395
151648
193455
196045
167202
223970
169917
162188
159227
157196
140180
156349
189124
207023
224140
169263
159127
153755
231775
282423
256077
220004
213587
202648
200220
347132
229446
219142
193499
224448
217426
241316
256229
213431
287276
238272
215905
201887
199909
224598
222412
203164
186302
200380
216166
197151
181407
260659
183209
227831
230114
213372
229472
186491
178229
203291
199930
190445
194447
207536
300524
222099
219519
225278
241872
228064
243867
235448
215018
213719
226959
201568
251562
184113
172743
220852
169004
176422
165296
147913
278985
244668
173634
179607
172823
281716
238991
206883
204006
198592
207444
198176
217497
210008
216176
276249
203520
242022
193850
196682
196512
198860
198223
176800
198792
206442
202506
204390
199806
179385
228059
202911
298038
210889
216629
197076
204322
347109
233667
203369
197837
218074
240771
206386
202661
218264
302006
259409
213264
201843
219989
251405
213380
229640
229808
222756
233273
232311
272782
266769
209033
233762
210202
233288
281349
207540
192973
233975
221645
200895
202780
199085
224107
211035
219889
230990
201372
202052
220816
224525
239700
207142
230221
194551
200362
196262
278113
236421
244799
238238
226351
233902
204698
226029
247986
236888
219262
208567
249260
231971
204088
182967
184317
267560
264350
221586
241029
317240
213311
215153
166673
191322
228486
153702
148175
145875
145003
136978
170263
139672
279805
219008
180343
157736
181114
214921
281261
236699
179884
234702
209506
241623
174110
196032
303137
202919
165442
263740
217437
198963
171483
139991
191106
149225
189080
167145
223089
157953
165923
157864
204522
158579
164526
232909
237356
213541
177059
187941
228111
219524
167969
358371
224021
1060561
196117
169761
194589
242758
169232
170725
214999
208344
203626
175000
210546
151902
285385
191309
191674
147833
155814
198497
174849
234395
187561
164930
175191
171902
191622
164303
150686
284573
258597
279958
236644
204473
200910
238071
165766
189954
149625
157542
162382
177272
294752
217211
199024
211959
170253
191765
197917
164301
220947
151892
195971
172109
165628
170769
242880
220542
238047
234009
168798
191312
146885
155582
174962
149251
208817
145040
165697
142260
147254
150586
192480
180303
265625
240253
216142
173778
191443
207284
237104
190360
283472
193152
185846
259348
173221
262855
211517
167917
268074
216271
299950
223924
231492
154343
163967
172574
152777
224310
135633
185911
154861
132404
169597
139114
178685
209019
171310
162729
278242
224621
216128
225095
185681
284418
277788
167540
175980
191135
189069
163548
281421
247687
305024
252010
176938
247577
246088
213106
266687
223613
223277
165674
250088
190085
147610
182518
172431
180986
162943
270861
267592
265259
239833
239282
179963
264159
221895
225539
179540
233372
297126
275860
211123
192150
259371
188963
193380
164038
153665
271783
227575
175445
190494
154740
181603
145840
166103
157422
170950
193873
148551
146754
253919
258039
243174
225322
253740
172734
258817
250674
262247
198558
176669
232168
233645
221476
178326
186627
275362
231809
193658
163964
204268
172014
277373
207149
185829
173720
234521
164946
168065
158999
184330
233849
159703
143602
158308
177337
246447
193347
171025
149828
242760
210508
211925
178272
154414
239477
303602
221280
166382
175046
194907
167170
230263
163732
178395
192262
150756
175755
149073
206480
145975
231249
185892
164420
164034
196123
154402
178980
156249
156387
186565
202027
186642
388758
211201
331535
253588
185378
173879
166674
165803
408673
243716
165771
231312
210610
259044
178320
336885
234500
204227
195984
197771
290120
245411
254740
179563
202128
185233
150963
233017
230217
172871
165383
198542
151199
202248
187642
156284
159314
175993
147712
164071
292317
217081
192345
174690
183682
182885
169336
153076
160666
291258
236634
185193
289916
268846
339879
276926
210479
181247
169426
241433
299847
291381
215805
213212
172932
196804
198336
291242
271203
180861
292322
185760
191879
231924
206653
189064
230151
168556
296839
228047
246365
189052
199796
194881
211549
186261
183731
288007
236846
183915
212009
266568
194203
165709
187233
232647
265752
256768
216181
172278
165504
170112
250379
156882
204224
156158
214634
283445
187688
240075
223198
231087
289416
217617
181534
160680
202325
179642
158035
264810
196500
222634
181199
194222
184556
228096
147681
180996
170853
217000
217941
170364
213280
176005
206915
206440
156036
203582
180500
179602
155370
195709
188376
177773
193550
153968
178794
245844
183413
181733
209511
236161
183081
167744
186252
171767
158464
154959
176215
268868
218763
192351
182091
143276
300896
227558
179437
192794
182296
290713
228335
179713
158800
171665
168541
234898
181540
195071
281428
243802
254370
170062
189984
282677
240578
223309
233169
327407
298627
279816
299526
225946
217288
241343
226915
238968
215963
210423
212787
165367
177638
183755
200939
178907
198648
190077
225479
258897
182108
173836
148628
177371
164134
162560
203085
172000
162062
166782
184227
175898
140678
185156
161807
237595
145398
186945
224315
194806
155099
231927
211594
267677
221228
233787
191858
168362
195971
221591
192771
229334
309633
290676
246786
212611
177685
326325
204433
258800
188835
166892
299331
199002
183353
173517
188980
273389
193784
203494
159546
163112
184817
221072
149952
148216
156917
147149
191898
208928
183866
173696
232524
170686
176255
157109
147133
175802
157400
155760
334454
215011
196564
160737
147184
153586
198217
189466
242900
196078
210998
183722
174611
173727
162327
159020
144343
180088
144283
211300
170297
202829
150865
165292
144095
204842
142607
208734
193276
136767
172909
150438
161697
144826
168347
186572
175978
157582
146030
144810
143625
163268
160285
137851
149371
153400
150834
198888
217123
171356
163491
153668
165700
173651
185928
171581
173845
175269
156286
187045
162287
195209
153997
181023
195703
152737
159192
155783
175340
155164
174100
162454
289064
226592
238237
169240
171184
202170
161650
183346
184826
159739
206980
146220
164313
141348
170512
146649
170181
166798
173272
189739
168920
144534
