6363721
5796511
6186996
6857591
5777192
7192925
6659584
6927233
6106034
6660305
6251097
8058212
6698401
7170504
6425677
7271309
6315064
6407828
6828485
6476035
6243130
6898138
6342671
6124937
6296943
5822895
5814468
5294481
6023772
6558388
8195706
7163104
6102263
5972366
5811383
6186532
5712174
6489592
7406987
5981044
7422591
5973160
7114379
6493746
6067307
6310243
6061160
6689985
6740570
6616963
7566700
6356010
7324702
5907454
6553337
6859819
6525874
6817716
7878270
6004879
6262463
7401772
6504399
6032749
5950628
6273344
7372540
6517378
7986325
5615917
6742103
7065119
5983418
5386214
6200411
6726868
6408078
6130560
5876138
5875890
6931926
6936461
7107557
6367889
6330290
6289429
6140246
7265737
6147438
6693553
5843091
5921804
7106686
6465206
6291657
6298180
7853480
8156645
6122901
7212155
6721602
6324448
6091284
7454266
6180357
8261188
6485523
6865785
7027185
6716786
6315020
7110969
6716555
6860544
6946983
7092163
7090610
7262555
6050634
5232504
5926163
6369348
7825232
6148771
6082114
6233230
6723951
5701556
5454922
6053180
5806921
6219333
6792693
6437954
5480901
5994433
5954848
8073998
6686945
5834755
5358960
6217988
5903386
6048930
6200351
5671875
5779026
6912585
6217132
6665250
6349626
8007025
8352450
7574188
5799057
5606510
6928217
9777726
6803813
5903303
6028080
6387041
5007104
5585891
4940517
5264772
5260852
5739180
5839635
5901479
5937661
5379063
5593902
6200607
5987718
6202313
5431637
5345771
5458721
5392986
5681318
5565363
5024462
5388501
5083877
5713847
6160651
8169336
7500865
5260038
6436672
5772695
6165554
5866965
6005327
6131960
5956144
5474622
5277945
6759471
6263932
6449793
6639874
6697024
6688936
6855346
6174116
7192380
6723160
5541354
6566995
6028766
6344311
5998231
6397985
5579151
6682809
6525470
6081019
7245737
6957926
5378762
6381177
6437457
6493517
7122594
6766543
6710901
7510690
6087536
6954759
7948219
6674908
5905829
5933153
7079283
6232137
6048266
6567026
5819326
6430636
7443846
6076595
6268362
6477368
5996072
6258419
6498796
6282123
6759158
6238087
6064202
5579742
6400086
6882046
6497257
6503903
7062107
6336171
6947247
6443791
5829889
6526283
8372947
6190890
5414885
6070916
6395875
6132432
5992509
6028617
7524860
6249508
5837420
5731998
6643385
7506985
7503907
6809874
6845375
6144725
6971059
5905101
5968849
6436253
6579863
5927121
6364473
5911078
6890428
6788620
5445691
5940259
6330584
6334157
6037770
6704976
6631716
5767362
7216250
7052005
6660420
6711677
6085601
5202858
5516054
7676432
7037906
5764405
5747603
5933304
5621428
6016727
5926543
5914621
5974217
5955017
6191453
5910771
6380037
5801791
5461584
4897936
5603016
5589317
6114429
5236686
5247287
5444493
5254228
5625091
6059215
5952726
5679653
5079050
6284776
5421107
5903259
5594191
6201486
5467626
6254805
4987272
5673645
5185126
5497487
5537045
5502717
5944687
6020846
5604447
5758751
5907644
5500513
5126966
4806278
5787165
5543514
5201831
5621897
5808583
5820661
5955992
5621795
4691883
5558480
5455302
5404876
5833925
5888552
6428491
6600159
6304691
6042957
7162456
7972344
9045775
5690104
8350211
7662107
6715144
6004778
6147417
6423562
6531751
7994352
6988871
6351160
6319479
5957644
5393617
5774597
6009935
6774996
6933953
6166271
6194899
6473602
6849481
6284949
5953216
5944659
6153015
6352837
6635814
5709886
7804480
6085319
6455988
5479698
6168645
8209793
5718324
6473808
7068878
6159177
5723232
5640132
5437674
5832350
5239441
6339202
5852354
5965196
6420283
5679603
5519672
5925025
6032279
7280396
6388395
6466769
6347246
5756609
5547540
6476736
5675494
7161515
5984503
5991825
6608061
11987368
6856595
6254491
6046691
6992643
5868877
5477142
6212714
5585057
6314525
7002376
6776268
6158605
7178430
6001241
5940860
5999964
6239698
6586156
6376597
7309870
6813873
6378039
6299315
6042208
5684783
7266947
6444542
6033849
6526597
6702702
7527646
9062284
5642702
5750236
5728201
6134515
5924550
7991584
5613048
6385414
7279240
6133284
7493912
6182823
10168729
6318767
8115417
6971107
6178941
6136599
7536841
5974166
6821152
6015763
6198481
6129038
7078639
6621617
6223115
7124081
6209220
5831102
6355289
5820789
5682239
6599269
8195779
6183854
5783823
5980393
6322343
6232047
6354717
6985040
5794087
6334195
5044958
5678246
5337727
7095118
7551914
6360991
6142559
6781104
5679331
6635967
6809755
7240226
6561974
5980572
5559663
6978792
5885008
6921833
6186611
6949059
6095422
5788052
6265305
5752425
6290607
6162049
6602706
6589930
6220912
5823000
6285278
8083307
6631945
6066073
6413084
6093897
6115322
5316091
6172690
6152733
5995883
6382558
6026161
5166921
5723905
7101878
6726982
7816260
6701416
7635983
7716965
6251068
5668768
6036330
6877877
6682295
7225925
6982970
6746484
6211831
6814195
6238594
7300113
6114685
7095856
6219258
6586161
8031380
5607016
9070465
7405506
6734694
7054971
7003334
6616384
6224287
5724015
5804262
6130194
6539321
6156215
6793644
6726689
6298798
5954618
6228737
6997745
6621177
6030223
6430925
5553541
5823640
5845646
6259852
5946173
6438820
6582307
5583322
6313251
6524133
6232609
5623923
6344401
5353077
5174287
5757687
6334738
5492750
6205437
5480915
5235457
5782066
5519799
5714263
5211215
6206928
5480715
5315634
5788137
5995991
10358158
7321136
6839972
7044860
6179099
6384408
5604231
5285650
5048138
5475648
6327195
5248182
6102917
6718123
6200523
5962277
8975139
6582726
6671134
6061549
6321364
5446901
5646175
6055331
5926737
6330938
6122119
5992304
5617014
5254041
5098911
5666689
5294982
5219466
5834204
5311423
5776548
5449222
5559345
6051279
6665963
5906310
5501272
5605255
5314182
5995011
5499356
5801664
5783586
5893522
5823366
5853436
6417095
5836015
5630679
5977947
5145008
5472820
5999108
6048510
5867194
5726265
6077397
7141642
5285546
7579742
5553101
6584564
6545546
6539079
6319020
5721313
5681755
6406478
5713386
5581118
5855741
5640318
5925798
5491135
5589304
5842503
5758749
6010437
5768215
6799667
5345662
5770842
5884366
6168262
5931621
7137015
6936656
6433168
7224032
6375187
6020080
6294648
5927523
6581495
6570649
5826296
5970448
6256135
6126576
6258198
6681565
6159637
5675059
5968263
6299551
5782379
5555606
5572321
5652622
6117075
5589087
5582047
6052167
5650045
6288300
5047166
6026930
5683236
5258739
6115917
6347130
5702879
5695124
6416411
6687932
5849137
6229660
6541827
5756510
6153439
6517537
6088491
5747336
6032531
5415103
5821700
5616202
5480523
5898886
6457469
6274855
6578972
6111414
6270476
5777270
5749200
6060679
6209616
6257289
5648690
5876289
5590491
6487885
5825512
5293946
5337234
5640429
5840002
6108282
5356466
5647851
5979626
5901585
6007671
5395612
5699395
7843745
6434985
5995528
7222863
6090771
5615775
5228235
5710228
5887547
5940809
6106499
5675994
5735244
6379737
5613335
6353271
5915920
5764309
5995879
6488128
5648928
6159240
5730963
5855047
6240137
6741439
9610008
6354126
6538583
6939978
6145468
5721422
6086778
6066771
6000276
6009548
5931761
6053545
5615157
5976277
5790685
5919996
6029539
5550569
5698426
6347985
6377174
5120645
5965036
5560598
5504952
6672890
6136386
5458997
5427046
5185211
6087301
5482235
6117121
5949414
6107557
5706783
5978137
6060108
5823833
5749956
5696151
5349734
6421732
6031328
6117258
6219317
5607496
5748761
6325651
6950594
5942423
6368929
6189098
6507655
6972955
7171977
6694994
5933158
6215392
6016497
7952262
8174170
6958182
6551859
6327383
5965780
6176154
5845312
5943163
6778391
5815098
6104250
6072170
6444974
6409341
5896981
6222304
5523735
6457235
6008754
5887765
5895262
5099561
5844036
6736836
5705653
5450174
6620044
5533827
6039875
5430894
5845898
5548691
6643464
5840386
6043174
5954381
5544488
6418390
5428556
5377655
5763437
5308486
6201754
6166445
5781145
5989631
5795614
5426058
5858206
5337954
5522175
6131436
5575626
5122149
5978305
5589901
6075093
5218950
6693425
5490829
5655630
5381825
6648254
5460168
5143012
5570412
6142749
5869416
5028679
6292034
5462528
5573593
5961235
6388610
5859373
5511636
6387489
6083242
5622374
5796096
5955046
5085648
5394500
5286770
5737607
5364780
5614565
4991400
5310002
6337313
5503040
6012409
5429922
5469117
7240394
5198975
6536351
6556737
6192883
5906686
5499377
5709429
5833365
