1080695
697828
705109
661287
567748
718590
805229
603465
684813
612934
659685
801397
699019
700520
689678
643313
689986
698867
679346
643263
874433
702505
709159
641364
833089
701979
879552
803766
694340
794031
787829
2280919
1062532
817278
875242
737077
780848
616041
703719
754740
751729
3616909
692206
729460
747569
832595
728724
908440
680993
939499
660285
696367
716495
670618
709022
689177
646072
1006318
851891
858015
745211
703723
897748
702079
756274
629704
586936
644384
778508
728367
642418
621320
611501
630005
783794
793019
770527
688964
1126994
659763
726839
756966
868810
777034
915326
685842
855967
624455
748795
626679
632980
690490
756061
777859
730824
657767
808419
932145
818031
658567
2331813
728981
757491
696778
858509
879356
728992
734087
656553
820442
663310
646169
646154
699743
783710
1201315
751351
788813
594937
723625
840060
708371
779087
714869
721354
667409
766179
733320
683209
663981
608818
826178
828892
690221
671399
716226
759874
686647
691393
642722
692141
765923
985729
934269
824797
731106
698097
698476
750375
671284
910153
653890
625040
898276
658065
697322
675488
636618
744530
724336
649055
707116
824158
792452
734112
669232
680144
626616
705448
690241
840522
660016
759872
823562
838368
923118
932959
753083
692569
734977
736666
856545
756529
824947
728271
1123307
744316
809560
825397
934619
824885
771890
883270
787131
766463
852518
791578
806164
955163
833146
828340
717582
764745
827143
895328
758095
918036
823247
696482
724873
995085
933232
991966
789206
710580
735199
705486
763738
844910
801030
789604
822346
1046493
944123
752714
780947
733131
786844
1056125
894803
861655
807842
833377
912961
773000
767594
736251
866928
773826
841679
817168
818835
831779
684714
817468
883908
713749
832037
786133
773856
970960
806275
757670
820791
837344
865334
970141
826304
892813
970617
831407
751955
847574
803004
761276
1024254
823942
843411
822040
870064
766220
1026695
678032
755309
724892
1037504
739148
724748
786408
689090
747634
704039
2538922
890644
792426
718383
664345
789147
3018446
827646
720788
698308
671279
727882
853005
763799
671435
809049
705321
828060
739005
802651
2391187
1469799
829975
785127
776499
824176
744660
823687
666706
696750
713807
905548
796995
769668
1045081
774638
689651
735217
869425
838940
866329
656822
721174
739498
774937
745461
739597
753906
760477
848788
854318
1070983
895659
790497
696142
745143
716369
782137
664155
888393
783051
888233
782345
705254
983194
779553
771175
756457
747073
645430
749333
790420
876426
700246
959378
903365
835249
791800
855698
733965
747957
946000
827205
698022
774871
888574
826773
718199
725658
791104
705468
723764
772467
822552
900523
822772
795033
734791
774759
1090607
830960
752381
821592
838522
768471
764483
713609
776437
729710
1405697
837584
706096
679077
647633
643463
928279
1128237
811226
765416
852444
854353
810088
857773
848271
727128
848085
847984
826931
708012
671444
739227
986536
747891
855414
778659
819037
744688
675978
666935
664875
928716
749455
854681
732411
930855
715160
827716
868912
705300
817008
802800
748049
876157
773952
751180
703165
668664
670686
733987
1019127
916980
648547
719730
844838
670355
900891
837875
919522
827832
738799
857289
846358
717755
684111
996622
734583
989861
872498
742418
739450
683983
773208
821411
686372
775329
941897
762053
728941
649596
864632
991176
838104
792535
948094
837030
702836
695541
708220
778321
721288
736833
806255
760014
695261
845653
963345
982176
873724
961003
764546
724680
719500
749456
603590
708082
831497
784820
737256
789531
703728
809000
732681
671442
1225116
975649
747978
683448
818271
778162
727543
691185
745291
801781
746815
1017270
777749
825941
726587
648731
862643
698115
848737
723084
998780
761092
792262
850511
919931
850332
783884
839004
724829
637940
735679
678586
717211
737086
863204
914926
742750
691451
750665
764747
871669
703870
789637
876990
993008
1199249
812602
891770
685380
752688
773600
919262
884056
906775
816414
956324
937988
770671
827816
765446
839251
770493
1011657
799300
680847
746781
889208
728982
1090297
974909
900136
812398
885916
857348
726886
837166
898100
821567
981257
812067
719473
934304
958409
857740
823180
911086
754839
826854
907194
810544
831323
708803
643781
729682
789183
739067
926554
854319
752536
762481
944189
823413
743498
678232
808591
778542
958969
823287
778943
902030
771086
767335
890992
925419
845294
894272
810473
889039
770763
910310
857913
905048
1061080
857306
910361
906246
788865
824915
766840
1018475
853175
804959
813610
797014
809714
965667
789972
726602
870335
827198
794644
930401
922985
746896
903364
979566
895880
890554
784280
932024
1018378
787933
840596
855974
1172325
911049
978382
756928
709127
760160
763268
767892
712392
745768
777983
844048
981330
779614
835606
680858
884413
873627
1077124
777740
691013
897272
750578
756050
802395
807594
771167
1374605
713339
701524
842748
738471
688224
709288
847122
706829
896209
872588
869772
780867
872592
796103
692182
687116
803037
861639
807866
840143
980448
940340
1003461
772145
813766
824469
671098
679814
755759
751925
848285
725581
724671
868582
768870
1063894
962136
864132
856735
887085
943879
849037
888467
861220
946845
782785
861720
898576
898186
873447
771071
835949
993160
880178
838512
874090
938988
838275
836915
975091
827504
867220
867771
987085
1038505
908335
813903
891909
979813
969036
941440
843412
764645
766312
728929
686124
809371
740952
846151
707543
800834
981089
808093
890175
955541
873123
825404
997739
965207
861645
1146467
963645
796262
815071
745443
721694
805764
744262
695436
799781
678621
843036
705136
805769
895123
842336
964443
1229416
704603
765231
744668
780382
678418
645269
818448
741520
749017
737778
766523
908891
916900
835831
850010
798942
842233
756302
779936
839554
693396
716963
694394
789912
993017
856303
843981
737978
957550
844477
714309
864486
749976
889691
770214
924346
698765
744924
733895
764239
906928
855893
811402
685014
733296
932381
763634
761481
835096
726624
846359
1096206
760683
863481
740707
784722
739049
838526
749267
961561
721566
810190
785228
753051
947408
767082
804442
871732
773547
891414
725355
711356
736451
680212
1026927
749452
983176
742929
990955
891082
794360
735273
836525
730758
929559
915147
753576
904117
760765
787307
806089
750683
991306
780834
754244
963424
747816
885197
713609
746050
955721
880807
810153
989883
839417
719128
702890
784561
747715
1001737
889610
917209
787030
959460
907756
945229
884121
788617
945510
915942
745811
748606
1026995
812963
742643
761929
793113
785395
715067
862477
980589
947301
692401
716398
1012366
768626
742391
703646
835577
742261
875013
831423
808961
915363
762673
847110
755315
884998
722292
683058
816654
755563
871586
1037283
694637
751667
812293
900886
816346
892529
744598
862660
860209
769687
779946
743699
815667
780633
788049
744548
767074
709774
935675
858435
881706
837181
711520
725463
948814
701714
806847
874191
894827
1008320
906450
993648
1113672
662525
933191
733132
829426
1015854
844576
762796
867452
2138330
698463
882148
679780
675676
690039
630735
771040
794114
711745
