183841
157980
175660
207631
131562
153837
129639
125888
145762
148665
528636
225722
203351
189709
236986
179500
213526
146303
170826
166066
148810
138632
127613
186023
230441
192294
150171
138073
162826
243534
217001
164081
176483
143107
126953
204897
196099
160318
132980
190111
180924
179299
229166
159192
221812
204382
204397
198377
316427
183796
164408
140766
139755
165454
200864
131100
196960
145635
148972
170022
147748
136881
134889
193288
188656
153088
159777
135247
148300
182978
158205
145934
202995
148066
203779
281067
234827
164426
197309
205720
215800
325943
188296
171585
213742
150538
187126
171912
173903
231645
206546
188506
161486
137386
209034
176064
210201
212242
190320
180224
214751
205818
172999
172173
137480
154205
179949
306268
228232
183420
210005
172044
150026
136282
157731
135248
162807
171016
203140
134173
135494
180712
167139
160440
143026
139474
149096
211912
178827
161618
137748
131007
156280
158524
183610
152338
185535
159080
150983
147703
147672
165511
157789
132171
150746
186068
187697
183834
168572
192911
140571
151239
134862
162234
147947
185014
150789
215329
167474
150130
141645
193138
178599
138728
192760
192972
197020
220626
245676
181076
189304
150842
160714
213744
182115
159304
141683
153196
179900
151868
149305
157860
137562
179562
159866
192048
170337
193159
166783
167740
187270
140362
196546
184040
151396
178928
148942
156305
135020
170457
139520
140139
170047
170752
130838
142168
201442
155437
135137
131989
172198
164893
214536
205682
165649
174613
278571
197004
246807
194984
172076
208992
206240
140611
184916
157268
192543
150325
147439
134647
182133
155332
252245
148232
254656
249887
233621
209592
217623
243651
163842
155358
323220
191842
216310
280515
176199
157825
219910
210671
186081
148649
210350
184307
198388
228136
200127
195331
180584
173561
137804
149159
170095
166338
165830
166022
186052
165588
181845
410528
266108
205244
215699
172618
154479
140917
158222
156954
166712
184274
267987
282445
190665
179754
197282
166211
301794
256223
181640
154960
195555
152829
303674
174179
204202
151353
167118
158033
153154
155460
147346
192209
140592
159583
168471
175301
217516
163847
136577
170937
163230
142137
129953
149491
187552
157557
156813
143903
153751
169056
184407
257440
153815
271749
195667
217617
176648
168161
167713
157230
149105
180520
148584
142802
232268
174028
182660
164118
194298
177449
204073
161568
252828
195034
175585
166316
170410
181174
143077
177727
156090
170203
196292
244458
149175
147631
148594
133776
132660
168113
158603
171130
158362
179940
150669
156088
147144
162163
264176
157156
162531
201711
244986
221029
204457
179308
185607
152754
187386
172472
172880
166374
159495
140558
171690
153084
175348
135233
189777
202389
208710
174998
168636
154609
158583
144764
145117
170564
170371
154343
150574
202888
170419
160945
157404
211633
200232
160415
223575
168752
208435
193874
150141
134851
261832
179454
183325
153455
159779
190887
257016
156780
246298
169396
161798
152385
151954
162354
167212
131664
171329
153482
161838
145406
164588
180772
176812
137641
132220
142650
138908
136399
157801
147821
154474
169004
170401
179268
219748
189579
174003
149704
235282
192475
214582
232117
190423
225797
154446
156817
201872
167426
156451
151622
143407
143387
130605
139853
186363
139110
252398
226649
171251
169887
156536
206700
140996
134406
150477
175992
234240
161278
158583
200188
183250
226590
187486
218814
151112
144978
189012
156222
144904
149383
139834
216715
154094
175129
146249
137933
179780
140920
179533
178904
159902
189222
136687
165707
168359
144458
204688
144367
159376
164802
168664
174915
145143
155864
156582
164858
152412
148886
131618
178344
129658
132170
246746
210374
155797
155629
160964
161652
174361
189596
264371
196787
214889
227466
238611
229955
177985
196345
170952
180687
138846
155064
204935
168045
169372
213546
152580
162663
150324
150957
137644
130414
139873
136524
147667
215640
169822
246590
167002
168773
165238
200933
133395
170397
143774
161146
177074
148819
177209
246988
180793
175987
166838
150155
177672
209220
194539
196198
171705
214403
192357
212537
199033
201704
169173
187664
161564
195082
190602
138292
157275
152250
131525
138338
133496
158633
143069
144785
159014
173278
146040
138689
183863
188513
177214
151905
188868
190528
147386
171846
164048
137354
137947
253931
147628
147051
146348
147310
146854
167465
158369
133435
234268
147852
172323
155289
199026
153926
155402
213661
209788
207696
177263
142222
148313
176806
173111
136165
193260
128773
199236
176393
131825
160580
166230
192073
164433
192796
164954
137949
176181
184542
198429
156957
155986
157417
210756
153921
146194
140013
133204
139082
158152
253244
244400
197300
166139
207923
157266
180061
165326
182247
136537
166909
146282
173174
165535
143714
138495
147138
140958
144982
194725
153282
150718
154869
145145
141588
144298
141750
196802
165336
195654
194725
349494
248299
227558
191699
1437752
220688
191966
195795
386915
219036
230982
321871
219860
193386
190185
180453
225615
191750
250114
201427
205845
211091
220662
194817
227318
205835
205172
229645
290076
213211
211066
222225
256571
248619
214523
227205
203714
190720
210091
176979
211578
190637
219465
196123
205956
209204
233309
202593
181320
200393
210184
218495
198194
173723
211349
179464
171358
173253
209505
195124
203491
180845
201647
320240
223067
202467
237497
195032
248105
206142
164775
165220
133639
137749
155180
153209
141777
149587
142776
213523
196965
162115
141149
144654
138301
161102
143013
151058
175702
217657
210702
196147
165518
160397
176730
253277
158032
169189
160153
153443
219371
198338
182286
158097
174936
207036
160395
206816
163499
225980
189361
180418
158294
198410
158300
135456
160766
154303
174044
243100
193684
180708
202340
163290
178865
269105
196630
164453
161263
176960
151284
176497
188725
142624
129835
165283
189950
164754
192654
144549
182630
191437
153443
156933
216266
175065
151564
308064
229335
185262
157873
159567
224090
186152
165030
179426
155182
159957
188769
364189
210924
292941
230359
264208
185376
244802
213017
162478
162250
146775
190933
169272
156896
168779
149780
147042
220001
187914
159174
197760
177043
240368
221193
174465
221719
187613
195071
329340
246193
194385
199849
158005
159307
185737
183459
271062
240093
231909
196455
204207
196291
191349
151500
284115
193789
180451
171545
149794
141567
165668
194119
192976
248188
206117
163826
176696
174250
156955
168527
162324
164981
242819
219632
167751
142722
204371
140240
163858
183467
132591
137422
231424
147593
149054
133662
182521
158717
152718
326372
150138
182208
302527
174730
164233
182617
149311
131820
137156
174322
156976
302743
258334
219045
183402
146303
177248
233997
146860
221867
171375
193545
152379
159027
146334
149780
189352
195566
159940
154602
241287
155482
165906
164690
168166
188882
167100
169787
155877
183707
179254
184817
155194
175988
220493
203356
201173
161349
262768
199715
197711
141638
167088
176878
151712
179039
200498
164234
165615
148877
209895
190846
147073
