1292806
1390326
1261682
2610905
1320206
1322512
1171645
1225452
1092190
1287055
1195654
1169944
1198462
3011721
1207487
1158298
1293628
1211491
1299223
1226463
1156836
1237638
1677311
1269623
1191237
1521140
1208044
1160987
1170958
1326342
1637216
1246141
1204674
1312581
1239259
1386584
1152116
1195173
1178006
1252446
1409856
1229615
1365622
1175233
1379283
1171008
1232790
1120764
2100872
1369167
1230661
1328714
1263632
1392109
1335730
1291438
2270174
1317487
1233259
1217460
1090722
1244452
1361150
1288000
1108340
1200109
1225556
1216711
1277658
1381634
1459679
1339824
1319263
1279038
1367422
1291999
1425983
1264058
1163887
1581184
1373117
1287859
1141079
1255746
1217334
1319844
1255721
1200443
1114967
1349195
1216066
1087684
1110820
1172137
1192809
1147591
1180669
1128321
1470443
1157774
1229845
1451236
1149519
1296301
1198793
1353624
1195378
1173901
1115324
1274967
1381565
1185185
1282424
1253773
1327280
1280086
1235213
1333296
1307649
1264341
1179942
1286347
1137790
1342599
1252491
1312298
1420627
1124076
1191927
1289497
1065479
1145159
1241367
1207573
1373172
1229246
1266547
1126989
1268597
1234100
1146000
1049681
1244105
1250267
1300155
1449898
1302048
1381121
1393886
1369175
1292407
1472060
1224544
1314607
1385557
1326799
1477183
1243386
1396134
1659421
1223666
1247873
1215201
1379086
1140179
1201193
1359916
1323178
1370368
1425531
1164447
1247375
1575355
1428476
1357289
1427140
1338333
1480338
1712845
1412235
1349230
1477894
1320906
1257380
1440350
1501557
1372359
1725045
1471972
1500918
1557979
1444990
1306908
1196429
1200874
1577512
1238534
1237896
1354774
1432429
1200006
1499945
1328792
1227959
1298902
1225796
1460664
1420784
1522132
1370593
1493121
1527031
1339259
1593824
1444635
1193814
1269766
1324030
1804315
1394799
1701299
1308745
1572201
1363648
1628641
1562503
1475641
1264393
1313642
1350463
1402832
1528853
1321334
1195194
1878683
1295894
1574021
1491571
3206936
1333299
1560484
1602719
1545708
1576022
1496618
1431128
1509975
1175938
1166795
1457967
1628930
1499210
1757192
1555623
1291546
1420205
1491556
1413522
1241181
1472699
1576836
1279609
2205228
1512899
1518063
1154766
1539653
1424773
1319998
1455797
1706232
1598852
1455035
1438011
1246299
1268177
1522049
1424608
1369891
1580086
1318817
1519308
1498695
1531809
1906343
1462502
1273489
1315676
1433039
1685677
1266250
1179843
1261419
1306261
1294816
1775013
1485442
2765185
1362561
1116465
1232182
1346070
1252870
1279303
1356607
1169354
1267058
1321529
1195587
1737976
1306995
1277129
1262569
1265137
1419030
2187139
1215607
1591936
1190830
1245076
1743635
1617117
1358143
1451976
1619170
1298493
1451191
1741566
1384410
1600545
1292932
1512620
1529506
1427751
1832936
1906397
1876410
4143198
2329891
3488132
1394009
1327069
1031193
1130513
1160215
1679907
1569639
1504855
1489274
1128221
1315411
1150869
1223851
1156841
1230257
1492248
1167362
1210656
1144219
1182096
1327188
1096769
1279217
1182162
1321612
1482869
1189358
1264783
1461897
1193912
1237662
1249405
1198646
1208730
1594005
1276820
1091524
1183369
1184645
1206482
1206183
1315148
1419798
1238969
1562866
1284435
1457605
1673459
1229897
1828329
1310617
1267545
1250004
1436175
1174813
1229932
1251808
1334377
1224458
1192862
1253260
1290589
1509988
1315720
1154847
1579088
1544663
1437520
1335705
1133721
1188445
1094734
1293130
1446687
1133068
1328745
1193570
1235868
1517566
1252068
1165845
1065442
1660563
1467564
1137218
1266690
1554984
1243959
1304419
1582548
1708898
1144547
1058900
1180649
1339986
1259727
1179677
1166507
1816170
1517547
1207891
1239568
1679245
1325646
1677446
1099135
5090949
1200530
1215723
1165688
1782687
1252962
1517522
1248757
1109749
1465468
1137036
1139800
4391711
1562638
1158483
1225983
1210471
1375144
1368859
1243876
2811131
1400648
1148654
1213201
1120242
1656509
1513517
1225423
1057308
2370259
1286597
1241269
1922624
1316378
1692710
1263708
1160406
1381799
1381937
1285864
1044879
1730313
1162689
1054617
1490690
1162696
1004540
1325762
1171322
1221255
1075454
1015631
1520896
1188068
1099957
1304428
1149600
1149343
1350452
1168142
1285194
1153583
1143875
1370311
1497400
1111474
1286360
1195827
1629625
1128481
1279980
1550444
1121538
1221809
1152659
1590971
1137555
1448122
1112113
1084093
1236572
1379505
1759170
1260678
1138810
1450862
1369097
1403177
1267412
1448159
1389720
1566764
1324405
1700447
1121728
1245456
1519298
1077671
1443863
1238391
1295510
1526047
1683564
1034210
1090094
1243813
1352937
1105515
1236015
1566627
1109099
1399699
1345885
1271292
1452728
1484059
1674605
1239683
1479098
1272406
1464323
1283507
1361335
1491507
1414972
1048134
1449151
1374337
1263339
1227241
1282095
1653385
1648039
1402372
1165277
1172191
1560803
1270784
1535499
1443069
1336282
1313646
1280038
1370271
1206869
1499099
1461694
1525788
1409552
1342139
1273778
1268462
2783542
1450917
1267360
1485879
1375333
1182625
1386644
1259712
1410329
1327807
1549652
1451631
1253660
1376748
1375881
5229902
1731262
1397062
1497601
1883119
1326829
1488961
1118383
1490689
1193325
1852047
1131313
1668933
1345501
1595447
1160259
1657535
1491580
1678823
1408988
1579968
1570001
1528080
1956597
1584855
1231519
1183982
1246082
1586369
1169709
1331740
1239234
1343462
1288926
1255020
1898507
1491179
1748930
1160957
1271613
1555530
1394201
1359681
1470205
1466440
1530595
1413326
1526337
1618567
1515650
1479417
1523173
1267882
1163196
1103573
1848713
1421059
1257678
1402327
3366550
1655444
1224272
1400079
1444549
1244295
1347925
1610888
1293587
1167399
1625368
1258008
1215953
1293851
1212614
1490177
1846084
1428131
1483314
1287180
1539289
1322166
1415699
1383316
1425531
1718391
1212662
1606700
1209199
1516178
1386368
1316874
1854984
1390362
1691084
1770605
1475743
1401917
1419092
1492129
1625089
1168137
1302769
3887199
1229848
2735845
1371840
1354342
1358142
1610079
1413071
1436045
1470936
1594311
1460017
1758750
1755544
1610984
1617904
1560519
1422164
1568913
1467193
1401779
1364152
1495969
1268433
1487775
1281283
1302277
1496931
1380888
1186249
1274472
1312484
1675531
1497577
1209190
1720643
1213309
1122167
1358435
1341258
1372684
1430045
1596244
1249664
1344673
1201239
1129503
1349206
1457828
1115606
1253281
1437422
1396713
1203440
1445762
1275080
1333923
1530529
1469788
1483895
1617921
1319996
1225623
1278893
1341583
1592880
1451543
1215939
1282350
1189650
1127482
1462397
1470715
1162392
1074792
1375814
1373339
1404027
1687425
1880139
1432287
1280558
1509060
1292923
1183303
1209633
1373694
1455795
1407045
1681228
1622948
1547578
1490935
2222083
1182998
1725762
2777095
1146008
1117202
1301664
1308766
1449284
2019580
1271207
1403349
1832981
1280130
1442089
1831337
1195725
1127954
1582276
1179918
1277916
1736788
1507181
1174455
1177602
1581384
1204453
1821699
1244346
1139364
1297775
1603761
1645577
1331067
1342012
2847649
1753675
1369991
1460861
1127281
1363944
1211125
1743679
1135401
1634646
1557279
1326488
1671640
1285499
1104024
1389093
1275179
1264581
1200700
1581628
1252004
1274398
1492397
1538322
1516925
1361566
6162714
1523813
1480711
1145464
1239565
1439769
4846360
1462244
1400630
1586613
1342527
1117824
1109924
1056526
1194320
1414928
1257150
1654941
1197315
1466126
1351411
1332017
1253054
1618667
1844928
9310630
1327316
1131238
1497153
1302070
1610431
2190986
1530205
1153792
1028379
1844524
1386869
1298439
1618344
1753952
1497878
1492672
1703598
1398540
1479044
1209496
1258960
1023885
1826944
1369812
1553884
1195735
1238026
1747337
1132573
1231147
1815496
1081846
1684201
1276204
1140190
1538852
1160956
1211601
1150645
1242805
1124985
1233731
1149772
1196653
1199924
1045963
1146440
1602173
1416823
1221662
1350683
1775339
1222081
1319450
1350095
1406288
1404568
1449526
1129433
1197359
1499144
1486777
1211692
1246676
1571825
1177447
1197745
1104795
1354086
1108923
1340141
1175940
1365370
1405520
1239849
1089910
1052596
1191126
1304669
1101932
1400807
1417385
1275425
1140773
1394736
1327576
1280210
1136553
1671607
1336827
1530015
1235477
1103009
1182586
1135185
1142496
1088739
1035351
1268252
1185781
1535151
1211401
1357717
1366225
1488893
