2331366
2830541
2174080
2043731
2529556
1950106
2211772
2615972
2696372
2669001
2692703
1940485
2662731
2132284
2519112
2378152
2574222
2197433
3058205
2425885
2523414
2905757
2627538
2456836
2278603
2266423
3154638
2618382
2372479
2650178
2905887
2378601
2484718
2429068
2481642
2582159
2666738
2390520
2271176
2418718
2377954
2748183
2961475
3230103
2918147
2538973
2676831
2266279
3096752
2531987
2387628
2666620
2476512
2773324
2505402
2339351
2715498
2523665
2608982
2860539
2633393
2109379
2320024
2342446
4404258
2383558
2445413
2184250
2567497
2605795
2511376
2901649
2473222
2388147
2310054
2254925
2198312
2522237
2259247
2313187
5349104
2586768
2280740
2198450
4313574
3014362
2260354
2570670
2168214
2550742
2887097
2502639
2464546
2719744
2553283
2565097
2603509
2778596
2800357
2541981
2335031
2299130
2258139
2250150
2426562
1985771
2311492
2029645
2134344
2705473
2435308
2384379
3007434
2650294
2287166
2361533
2259534
2971884
2334513
2448565
2571211
2443656
2512480
2296454
2391094
2309522
2578757
2426390
2332625
2390001
2217653
2543806
2287762
2248447
2325663
2885126
2412458
2390148
2342425
2302847
2345619
2361169
2302517
2164541
2200833
2479767
2173314
2218827
2331489
2067850
2207674
2465900
2402224
2234403
2367880
2544367
2297672
2605690
2548790
2164334
2530875
2426107
2238621
2465979
3033965
2257116
2481854
2432619
2303180
2565004
3035300
2898174
3076010
2808258
2867768
2827249
2630805
2575990
2334878
2234714
3198068
2380947
2408247
2480478
2322418
2537410
2414219
2487227
2723671
3509749
2603369
3698395
2733601
2662013
2656124
2864097
2528922
2316004
2605191
2560596
2380191
2285233
2396237
2931103
2369691
2484969
2451730
2496380
2414047
2437043
2237014
2232934
2184943
2380842
2493138
2690526
2345616
2676227
2569480
3306483
2317215
2589430
2566990
2510177
2698956
2172830
2471084
2630670
2362289
3031777
2209205
2336478
2534573
2819241
2528511
2406546
2414689
2270505
2235663
2540231
2502496
2552470
2411616
2506538
2395622
2291542
3214202
2280864
2331301
2246974
2290765
2160957
2181947
2252644
2291040
2608374
2370684
2278299
2154639
2345216
2692290
2397352
2116604
2319207
2424538
2510519
2500536
2328648
2344522
2428464
2531628
2365702
2359120
2605912
2152398
2444742
2302827
2529313
2410765
2524627
2372253
2260219
2402067
2447876
2124488
2398470
2381539
2320671
2344019
2721333
2559099
2372528
2359801
2481070
2407340
2375569
2203048
2548541
2420931
2357883
2357128
2432981
2604880
2342071
2429210
2840132
2421070
2637961
2487375
2527524
2484070
2610034
2393274
2109223
2255109
2445513
2789521
3033305
2579420
2379416
2133997
2412169
2436898
2399667
2174490
2299695
3038956
2122839
2108846
2332353
2192046
2541341
2206869
2336734
2448063
2637064
2266559
2250563
2265851
2207473
2420692
2945199
2272095
2501055
2517896
2287436
2280580
2781135
2179854
2255382
2176923
3166694
2340688
2333625
2096910
2496345
2455688
2190857
2088633
2559371
2200639
2326775
2489307
2221838
2398628
2058740
2496773
2153659
2098770
2308941
2602189
2800008
2643150
2414461
2471681
2359474
2409664
2370904
2122993
2191718
1930894
2028395
2420605
2181244
2209111
2316733
2662063
2332361
2232977
2324259
2549587
2314057
2440412
2280416
2458903
2295794
2455723
2367219
2198531
2135630
2264112
2122289
2187390
2324072
2661422
2223140
2026359
2129409
2178154
2134017
2252273
2261254
2338399
2471476
2331876
2182952
2328794
2223950
2397334
2258268
2432191
2228782
2601466
2343704
2350004
2246532
2441188
2420628
2379073
2511888
2951945
2120256
2770783
2209768
2213416
2590113
2581257
2366397
2962204
2183955
2473790
2386380
2636124
2285115
2449780
2194403
2397127
2448233
2250801
2240810
2115500
2041186
2197803
2345754
2479433
2329167
2210222
2393776
2556473
2402914
2240411
2212056
2639613
3024424
2826376
2258616
2581451
2605242
2520088
2402364
2550323
2311604
2451646
2275130
2518703
2164148
2381259
2360591
2206939
2460732
2626974
2622994
2277217
2542099
2519650
2152565
2551166
2293082
2251860
2447351
2353337
2066606
2280612
2242771
2227078
2312756
2241429
2434667
2434946
2246079
2344504
2401554
2262564
2342133
2343756
2183165
2564070
2210896
2411500
2173667
2603159
2240280
2171965
3026705
2245519
2324009
2113214
2245424
2523523
2044782
2316808
2268700
2456981
2617026
2309433
2469810
2546822
2631148
3091639
3029067
2790338
2339476
2843859
2429209
2936982
2488619
2558327
2443730
2683025
2682390
2594190
2635372
2453010
3099457
2980999
2389295
2272916
2787358
2415266
2616201
2227354
2279656
2338735
2361830
2160851
2037567
2326618
2450251
2407170
2211437
2318162
2270633
2285110
2173928
2563861
2528608
2226808
2270171
2120251
2634852
2555045
2398284
2298524
2190770
2656281
2199842
2251580
2663147
2392617
2677759
2846089
2237247
2457007
2639384
2713215
2258143
2416166
2349264
2357919
2376619
2195900
2418535
2240727
2344628
2412518
2221302
2368751
2219499
2331311
2498082
2625116
2061007
2256109
2405388
2112293
2219562
2212762
2027803
2481735
2346384
2479807
2316296
2497732
2412320
2328049
2204845
2404310
2319136
2310394
2455668
2935615
2571355
2292163
2224619
2645033
2260753
2552299
2644655
2469415
2348274
2552052
2332188
2539686
2487837
2358054
2128609
2305912
2221079
3188210
2437412
2121748
2431344
2403533
2238364
2386942
2370723
2362186
2292705
2466319
2702392
2512620
2734187
2383302
2148913
2006435
2264214
2391097
2339825
2152171
2294660
2251673
2489715
2282585
2459413
2343973
1925488
2858463
2175116
2320479
2168442
2685009
2416026
2319011
2371012
2336546
2127693
2365401
2599779
2677514
2258401
2127348
2360545
2302570
2178602
2101419
2100014
2338525
2562079
2123007
2222863
2296453
2210959
2059304
2253877
2217796
2162169
2470688
2319807
2494158
2689505
1985973
2445849
2369169
2318746
2137322
2087041
2009134
2173469
2003534
2350513
2152050
2903317
2478132
2406739
2151802
2231259
2097871
2213981
2405828
2348356
2327937
2142010
2339992
2450147
3891909
2236152
2563629
2424704
2128792
2321901
2142171
2422823
2330804
2036881
2224918
2102473
3582711
2466813
2257971
2508583
2076182
2143535
2854613
2526338
2560640
2441944
2519984
2576856
2745325
2756559
2546132
2248817
2396826
2201617
2595882
2521970
2075602
2226214
2838204
2538552
2524063
2275325
2137816
2251157
2278345
1994182
2387573
2712690
2073484
3025169
2567118
2449074
2243914
2518108
2346018
2599903
2158116
2762670
2367340
2267420
2214183
2333242
2408552
2070271
2443427
2021877
2011546
2211750
2507305
2311830
2320757
2253596
2287785
2460584
2507570
2414011
2162550
2345382
2382385
2361819
2595525
2524889
2278657
2234941
2168629
2845422
2432716
2178939
2356016
2395739
2450971
2522473
2308154
2580521
2279745
2628041
2295723
2355158
2378958
2407168
2248255
2165469
2345133
2095873
2457780
2248553
2462364
2128394
2058350
2171827
2575601
2678074
2256428
2410216
2479947
2340321
3152427
2409077
3001431
2806858
2386604
2687575
2511332
3013279
2396489
2245396
2209753
3097891
3076519
2721181
2806976
3728000
2766819
3060296
2694434
2748551
2297012
2682249
2604524
2417072
2514858
2320073
2664741
2694155
2816784
2173004
2816575
2644073
2962339
2094496
2675776
2623816
2538758
2876893
2739700
2521148
3189103
3351941
2533817
2782293
2244229
2592358
2403648
2418685
2687641
3598116
3075256
2616487
2550061
2432085
2608130
2226254
2754678
2013112
2665639
3151993
3152169
2570562
2595327
2502304
2191481
2457928
2512330
2589372
2336237
2884693
2505525
3034531
2826480
3432383
2353078
2525744
2506812
2777242
3077810
2582766
2608835
2631594
2627045
2549689
2371550
2528158
2707112
2544509
2538880
2784927
2244149
2477318
2459362
2534496
2265807
2638442
2560800
2257212
2899872
2868410
2849988
2510394
2418999
2574212
2353371
2736820
2527129
2898484
3037647
2281567
2257925
2762863
2279164
2883787
2541790
2641355
2562661
2119221
2795215
2599302
2462067
2667758
2583422
2942097
2270268
2041092
2598428
2235427
2393478
2272748
2457910
2563941
2662783
2385727
2831368
2332931
2479339
2208746
2462504
2155007
2555248
2217204
2460018
2592362
2930213
2375394
2405159
2446596
2544503
2277389
4345247
3097442
2207097
2519516
2325595
3612997
2220002
2453051
2997821
2093689
4542891
2322096
3283500
2385606
