3553504
3385272
3824015
3664923
3097268
3332085
3520696
4158640
3471365
3951370
3795984
3284360
3892080
3886347
4315640
3861089
4122998
3272873
4159106
4992518
3521183
3613343
3278843
3300298
2865398
3345682
4102499
4302169
3706598
3614911
3696613
3593446
3630630
3436019
3184314
3603405
3549709
4233762
3961858
3587386
3503718
4453444
3179209
3287045
3272133
4022918
3839108
3465725
3365046
3633672
3546234
3414808
4074438
3471165
4049237
3606515
4241946
3358095
3867150
5831586
3597292
3371663
4124193
3191438
3990298
3552103
3835395
3946680
3556200
3892314
3860663
3856335
4106468
3347294
3747349
3532942
4330255
4414793
3800066
3435274
3918446
3122190
3605833
5421429
3677531
3577510
3585410
4553212
3592030
3791374
3580080
3978081
4137639
3199229
3245772
3840063
3501849
3663271
4073672
3991484
4034111
3463371
3688134
3556608
3431638
3930185
4381358
3960390
3533477
3245819
3353069
3668284
3616952
2958973
3408118
3391241
3565391
3266831
3387619
4406442
3897338
4155531
3361682
3684596
3932027
4181976
4406647
3404538
4399098
3387927
4124747
4158907
3133604
3632672
3505038
3585524
4221370
3615681
3964964
3391962
3940461
3467688
3161234
3519686
3037104
3491096
4428290
3952170
4734440
3724549
4645246
3523949
4139433
3474540
3660178
4017421
3939430
3628495
4579713
3500215
3824770
3936672
4335326
3722571
2887100
3975367
3899505
5181896
5451370
3352135
3700660
4039884
3526305
4122728
4600204
3459508
3540278
3589776
4026650
4341172
3716199
4487798
3686930
3310449
3745477
3626695
3304756
3123402
3915087
3218384
3462470
3555488
3968951
3618181
3455755
4212546
3558186
4236610
3594704
3888958
3403948
4073119
3692902
3665158
4216304
3729148
4444736
3870547
4063988
3451215
4333205
3275030
3368488
3067693
3202970
3044040
3143147
3294807
3589790
3417526
3222899
3839066
3474845
3156668
3860962
3790051
3301847
4027455
3692320
3770169
4333649
3664513
3284617
3144332
3500598
3784940
4133159
3917165
3602224
3762140
3133895
3628868
3733957
3163324
3331091
4016717
3311612
3771458
3641632
3561970
3343460
3690504
3330026
3457275
3244464
3491887
3458232
3392558
3581994
3600277
3536819
3195667
3408664
3814414
3263895
3385462
3592315
3914854
3279066
3327291
3737516
3677006
3333260
3137336
3476780
3498589
3590250
3504652
4359009
3534195
3714062
3804389
3678492
3119835
2972524
3491276
2947432
3136017
3288653
3913613
3231021
3314585
3683792
3399748
2953661
3107453
3508452
3048469
3162730
3121342
3116262
3524408
3740500
3219424
3317397
3369738
3350088
3988398
3832616
3434739
3158258
3422460
3626184
3158368
3609930
3575396
4055705
3379372
3088597
3395328
3168624
3647063
3170738
3682404
3521862
3128178
3155045
3439915
3440458
3589545
3228691
3474176
3760989
3368246
3398635
4517351
3301232
3522784
3200523
3221250
3229006
3385372
3574618
3158264
3260503
2905085
3380629
3215126
3395277
3413058
3393641
3431285
3334057
3428579
3467818
3461277
3272017
3689676
3363446
4240776
3164452
4305050
3826866
3134060
3749945
3352121
3976810
3616222
3208472
3524807
4142778
3717892
3787759
3351888
4156213
3624424
3892229
4456588
3294043
3342650
4353727
4270510
4923715
3974214
6158871
3625897
10675047
4192770
3860478
3844341
3279044
3705468
3574542
3595314
3813086
3428329
3326842
3833658
4082889
3601977
3654001
3838993
3198157
7160001
3705520
4769106
3304024
4001235
3480660
4000705
3996205
3704481
3631605
3531987
3988117
3644631
3819401
4471247
4062350
3553567
3409177
3386087
4035498
4176692
4763108
4131458
3130505
3458358
4336324
3566695
3994268
4224571
3363645
3074050
3515373
3525348
3083225
3283124
3594879
4584488
3530405
3742619
3437932
3653130
3755396
4507799
3768581
3556585
3075026
3261234
3081158
3984315
3207747
3441544
2675403
3001151
3703049
3369793
3408946
2810415
4606220
3515713
3514064
2956734
3661176
3304170
3247383
3216876
3456185
3618421
4129180
3030353
3706627
3278399
3263148
3188047
2965526
3317487
3700059
3580122
3414510
2980287
3469570
3849587
3733797
3542841
3719877
3513967
3767818
3213330
3473261
3627765
3825751
3583444
3865538
3220050
3883917
3372776
3996987
3678906
3695648
3258315
3511871
3248827
3805381
3403988
3476886
3595323
3435648
3448863
3473727
3109675
3416429
3624016
3009623
3973182
3508658
3376616
3648986
4087732
3535647
3198608
3498991
3442906
3891099
3728994
3675191
3723170
3564277
3257166
3434847
3451566
5489850
3690700
3177131
3592120
3411403
4026807
3567850
3510625
4119283
3182939
3460131
5895902
4196324
3528383
5815491
3561519
3580433
4115496
3944630
3598721
3981491
3216095
4019152
3753880
4223628
3729256
3860697
3273235
3468287
3406709
3601808
3484110
3773169
3791039
4090853
3454958
3469902
3833121
3189856
3821915
3686796
3319225
2719647
3798732
3455165
3857256
3581856
4048569
3213396
3664518
4599293
3792441
3962285
3687773
4258769
3396625
3465822
3248818
3454359
3557801
3851950
4036035
3743707
3445873
3194604
3295329
3723305
3091302
3579819
3114495
3719239
3669967
3489021
3252536
3544905
3103924
3206562
3407465
3326309
3364434
2897808
3105958
3419783
3175610
3256510
3374784
3280472
3817564
3454938
3347373
3162659
3265021
3147179
3501804
3747716
3860533
3488574
3221746
3194628
3178955
3391514
3413443
3456918
3206132
3383527
3422006
3260901
3422382
3043081
3697801
3734914
3326936
3572509
3394905
5445355
4703819
4315808
3746417
3385025
4012227
3415618
3701056
3328356
3235595
3504928
3250272
3514003
3159769
3555675
3349276
3247515
3514290
3379497
3000426
3160186
3573341
3428051
3468133
3416460
3415092
3563402
3813536
3655674
3335230
3363475
3376584
3012061
3537285
2967935
3880938
4269382
3296337
3112941
2883074
3265453
3255623
3295312
3098741
3335577
3222564
3810726
3468838
3352013
3742341
3287699
3178501
3567920
3893798
3345981
3682217
3316549
3579396
3240998
3585357
3917561
3367067
3552257
3353004
3353559
3114779
3158089
3618790
3268579
3760836
3491693
4608420
3462295
3445992
3593622
3182595
3577523
6155160
3496072
3616364
6696632
4155625
3307730
4485885
3581527
3412672
3564658
3508813
3175036
3655915
3358308
3573979
3687339
3492833
3304866
3109515
3958807
3595643
3574606
3572283
3783309
3592226
3239835
3895505
3111197
3130478
3535939
3542110
3087659
3737116
3419713
3518812
3149568
3333303
2723447
3163791
3250770
3259537
3504972
3445817
3660576
3683732
3314777
3210504
3256486
3724308
3581672
3328445
3432711
2976859
3373596
3250905
3261653
3321893
3072044
3059953
3329999
3550893
3181505
3105975
3266787
3487087
3324299
3216241
3121178
2841111
3480327
3486333
3326776
2729831
3288570
3569868
3221876
3257832
3206204
3123796
3620150
3032154
2893691
3454729
3211079
2951067
3167698
3777274
3443042
3116055
3037038
3210511
3481657
3847246
3213582
3392386
3365132
2905062
3591456
3367148
2904753
3248355
3179828
3303602
3210324
3109597
3347159
2872518
3121730
3793331
2969693
3200469
3636093
3663108
3889826
3445978
3906548
3513509
3589518
3692683
3902754
3319392
3668530
3162119
3150762
3109862
3594350
3516182
3022648
3126439
2973108
3472843
3616433
3439779
3551504
3561032
3547681
3042453
3525777
3452727
3691530
3341773
3507697
3462513
3080622
3427165
3384390
3594990
3240263
3394503
3278631
3279951
3186007
3053598
3608843
3619460
3587625
3210840
3648726
3783210
3496844
3285314
3116707
3674906
3325161
3202968
3295922
3678484
3839862
3547641
3444112
3640195
3430992
3467998
3190331
3180255
3778095
4357627
3845517
3453695
3072277
3389346
3468929
3486613
3365792
3750916
5637043
7647805
3452401
3915577
6227393
4051225
3748362
3608181
3591026
4444132
4037446
3625763
3717794
3632787
3983135
3021556
3582340
3974621
4158491
3895471
3562158
3663617
4003916
3558767
3760758
3196410
3443952
3387050
3283763
3815879
3746180
3489163
3396482
3435919
3553948
3512796
3882720
3114682
3627081
3829003
4524944
4243190
3342339
4152167
3756597
3925072
4120106
3192020
4036683
3831738
4418841
5258577
3060234
4204728
5137388
6125501
4443503
4514270
6240048
4883774
5404081
4669993
5750997
5213878
5913165
4583997
5649226
3414163
3518341
4417029
3899944
6860088
4766968
6401483
4496947
4656521
3919437
4099665
4632905
3699603
3391306
4140089
4608031
3616107
3897465
4022931
3962541
4190903
3765247
3904301
3605477
3752329
