3353
5239
1429
1420
1788
1889
2455
1165
2428
1911
1217
1921
1735
1848
1231
2340
1692
2049
1245
1290
1758
2043
1276
1245
1662
1978
1655
1254
1703
1670
1264
1191
1698
1519
1261
1190
1642
1408
1272
1257
1651
1363
1246
1186
1686
1881
1300
1326
1729
1827
2323
1248
2295
1429
1457
1749
1632
1253
1201
1688
1866
1257
2570
1230
1631
1414
1204
1268
3236
1393
1711
1320
1251
3836
1471
1323
1831
1280
1712
2149
1281
1250
1687
1472
2305
1408
1737
1904
1281
1242
1275
1704
1938
1311
1279
1671
1931
1357
1214
1707
1722
1275
1254
2800
1857
1265
1252
1654
2714
2382
1280
1935
1391
1456
1321
1848
1365
1277
1307
1608
2090
1344
1656
2445
1769
2084
1785
3364
1752
1420
1277
1685
3065
3413
1340
1769
1459
1351
1342
1733
1508
1406
1349
1751
2821
1415
1354
1735
1901
1271
1288
1859
1465
1373
1458
3129
2076
1391
1246
2362
1545
1333
1276
1388
1729
1802
2392
1240
1667
1485
1342
1430
1697
1367
1239
1252
1739
1837
1426
1721
1937
2409
1239
2720
1903
1238
1270
3550
1733
2534
1822
2062
1661
1552
1763
1423
1266
1280
3319
1596
1317
1631
2956
2124
1390
1641
1639
1483
1392
2755
3083
2250
1320
3021
2221
1271
1852
1481
2047
1304
1755
1993
1711
1284
3541
1379
2204
1300
1692
1731
1355
1300
1603
1941
1320
2786
2909
2037
1357
1312
1708
1854
2764
2449
1718
1997
1392
1680
1699
1332
1273
4022
1579
1300
1179
1625
2157
1337
1347
1700
1980
1820
1248
1618
1478
2398
1272
1711
2100
1535
1692
1935
1343
2108
1756
1998
2326
1580
1720
1444
1374
1361
2543
1987
1303
1239
1681
1955
1295
1302
1628
2811
1633
2256
1740
1905
2633
3059
1500
1798
1488
1511
1319
1693
1888
1827
2711
2442
2811
1826
3915
2040
1424
1417
2363
2052
2778
1262
1656
1920
1440
1414
3633
1393
3790
1503
2372
1736
1448
2665
1412
3674
2194
1257
2117
2128
1251
1244
3087
1557
1472
1325
4005
2212
1263
2334
1408
2896
3195
1385
1703
2160
1317
1212
2256
2027
1350
1217
1671
1935
1377
1274
1711
1920
1334
1270
2403
2754
2651
1903
1925
1333
1320
1690
2013
1172
1568
2872
1482
1226
1734
1382
1928
1236
1586
1859
1286
1201
1243
1663
2006
1296
1276
1655
1956
2591
1725
1718
1991
1965
1377
3026
1478
1389
1295
1774
1392
2755
2229
2049
1384
2608
2077
1707
1478
1323
1218
1738
1451
1851
1746
1731
1420
1325
3047
1862
2353
1411
1300
1262
1659
2053
1325
1299
3642
1895
2841
2352
1848
1441
1344
1846
1643
1307
1796
2307
1660
1891
1338
2140
3205
2635
1480
1324
4012
2160
1691
1746
6916
1363
1332
1719
1391
2660
1408
1697
1532
1620
1291
2282
2100
1281
1320
3889
1383
1826
1338
1883
1542
1360
1729
2180
2945
1520
1721
1562
1297
1703
1450
1263
1657
1418
1271
1196
1649
1415
1227
1663
1671
2236
1235
1277
1711
1925
1244
1255
1685
1876
2460
1226
1700
1719
2679
1300
1752
3868
1472
4506
3092
3391
4500
3658
3697
2388
3673
3543
3496
1849
1489
1342
1332
1691
1402
1325
1210
1879
2005
1319
1294
1743
2016
1246
1680
1712
1843
2357
1311
1745
1541
1665
3628
1480
1525
1381
2074
1382
1476
1909
1644
1492
1366
1800
1420
1392
1420
1866
1400
1702
1682
2074
1602
1846
2113
1597
1579
1586
2060
1596
1680
1671
2225
1648
1521
1607
2001
1591
1709
2147
1600
1634
1692
2096
1870
1724
3931
4279
1898
1785
1650
2029
1464
1555
1702
1985
1854
1892
1645
2135
1545
1787
3576
1852
1829
1910
1666
1530
1555
2041
1714
1587
1670
1973
1633
1581
1606
2094
1663
1627
1611
2075
1706
1578
1655
2223
1657
1683
1664
2107
1759
2052
1629
2283
1646
1618
1657
1969
1625
1701
1668
1558
2018
1409
3250
1893
4255
2840
1769
2022
1720
1621
1941
4021
1761
1614
2184
3755
1630
2100
1664
1645
1646
2135
1826
1633
1669
1837
1669
1612
1662
2064
1792
1637
1574
2282
1652
2232
1615
2043
3062
1695
3628
3261
2056
1790
2065
1591
1873
1712
1971
1551
1786
1637
2131
1684
1514
1639
1994
1720
1602
1689
1947
1695
1685
1575
2097
1665
3340
6453
1599
1653
2025
1714
1505
1760
1869
1673
1635
1493
2028
1394
1555
1905
1800
1575
2948
1559
3051
1610
3134
1642
2766
2047
1696
1612
1615
2247
1576
1648
2040
1574
1861
1574
1816
2156
1590
1595
1765
1946
1668
1610
1603
2001
1619
1545
2049
1760
1911
1602
2015
1621
1627
1805
2131
1657
1447
1475
2123
2183
1756
2266
2371
1556
1607
1943
2311
1752
2185
1958
1524
1485
1951
1606
1614
1703
2081
1646
1571
1528
2036
1582
1642
1972
1799
1589
1505
2014
2144
1987
1582
2157
1658
1691
1692
1954
1536
1754
1561
2076
1608
1689
1992
1737
1660
1619
2011
1586
1575
2071
1723
1580
1681
2158
1905
1670
1854
2073
1638
1592
1630
2024
1571
1628
1613
1988
1589
1556
1534
2160
3003
1631
1538
1916
1614
1637
2067
1671
1876
1748
2080
1640
1748
1677
2080
1913
1760
1810
2365
1841
2467
2236
3394
1743
1672
2215
1595
1608
1663
2060
1661
1687
1601
2048
1375
1503
1947
1781
1790
1500
2068
1677
1494
2340
2055
1628
1581
1628
1910
1767
1888
1705
1984
1651
1579
1647
3831
2091
1517
1630
2021
1664
1673
1590
2100
1762
1684
1629
2209
1702
1656
1551
1982
1534
1673
1922
1839
1748
1727
2031
1863
1736
2718
1705
1597
2032
1725
1692
2039
1687
1623
1575
2114
1771
1760
1537
1883
1591
1622
1744
2025
2026
1714
2023
4921
1858
3615
1772
4297
3788
1750
3327
2128
1809
1669
1705
2131
1692
1666
2238
1894
1752
1689
2033
1634
1561
1627
2044
1726
1607
1623
1931
1969
2354
2165
2278
2586
1975
2029
2024
2529
2000
1952
1872
2504
2138
2116
2704
2366
2173
2230
2589
