104080
61899
56443
55438
50696
52793
103342
56752
109257
65283
54654
76153
54918
55923
135657
66998
69349
54818
55626
65455
104697
68752
64517
94117
53493
64974
53775
51336
51172
65463
56374
56252
111333
55560
81287
81258
97622
68460
71293
54212
53933
53485
59708
58253
53094
61017
51280
55047
53902
51120
51498
52718
52935
51039
50697
65300
56083
77740
136958
63080
60794
64135
101725
129644
57317
52952
53688
57401
52592
53773
89773
79615
53100
51097
50716
58997
60622
51330
51894
55520
51405
51973
71669
95127
54233
53263
62613
136223
66499
67482
66925
71592
128262
126109
73088
77054
114299
71786
76890
140460
75310
99762
132086
69271
86715
66977
70063
133045
75181
70536
77086
97226
63463
56076
55009
191689
76056
56360
59914
59677
54460
71154
51676
117009
59636
51107
51622
51820
74485
53710
78588
54205
61340
81039
122843
105250
67724
54280
125604
69263
69592
53714
121447
56125
57465
51677
59055
51909
58983
51810
54646
59374
58185
55464
50987
51376
94001
65129
151915
126975
66971
54669
53185
59647
67009
56294
50935
51018
53312
51553
77628
52157
93789
60218
51805
52003
59868
99326
51562
89767
101725
103446
97153
77067
64297
65040
70881
64826
88965
59960
68148
56267
106693
68198
61751
56223
56256
59686
141582
69998
70581
56557
57107
77303
61983
68719
82698
69329
168163
65013
62685
90365
144003
78529
60425
88455
146615
68534
57433
123284
57189
119090
115169
57768
56546
99853
222952
59006
57056
61666
54900
56483
55277
86354
60080
63344
55241
61760
55524
142980
59114
85237
102692
68324
64327
63596
112385
57478
55967
90007
60275
63597
78500
65066
57252
66235
110233
64598
82417
60565
58084
69722
63564
56120
57425
60789
63717
62541
73574
67623
60196
73412
59536
67157
62219
69231
56175
66474
51978
54498
52350
76723
60752
54837
56080
58263
102237
73413
66474
54430
54988
53595
86448
52947
107262
62530
72554
85806
66403
66934
53977
61692
71955
53363
54425
54406
54583
81093
53600
53023
57360
54014
52441
52114
63458
73191
59626
67444
73248
55536
70447
56473
57935
66354
71495
56043
112222
71378
54514
52223
71616
131828
101871
104480
64269
53479
53041
69159
61401
52038
101563
51985
58334
51500
53372
58452
55941
56160
61836
102241
63375
76177
66554
87175
58373
54291
54331
54718
59258
61101
87612
56619
131605
58013
56277
55974
98886
63380
53205
55221
69033
65937
203232
62304
66036
60234
58737
57343
69269
59751
59390
56732
141854
72069
74566
60824
64863
58284
67458
67749
72638
66024
68669
86293
104588
84214
53871
57004
60096
55316
121567
106758
65437
59258
55559
121640
73280
76737
70927
75276
97449
66335
62220
59637
53868
61265
58854
137103
63094
66180
56693
56336
126535
97782
56389
54265
56213
133990
60661
61154
65480
65566
64821
57080
79603
62532
67685
57920
59000
62978
53020
57812
107219
71717
61202
59600
67153
66186
60198
60291
64316
64916
71528
66074
59329
60967
56937
66442
58280
62157
59600
90003
60327
1667724
128318
58897
49138
84840
99915
113950
62435
57409
47303
51924
49691
63553
49264
59712
49463
56226
71498
45863
42707
47651
46841
95030
46908
50245
57122
44620
45655
43519
50128
45560
46417
52125
89551
48863
51792
46546
53477
52963
44385
45889
48438
90853
69272
45582
54922
94649
48455
43934
51368
49990
45477
45409
51040
46191
122073
48601
52429
44533
44065
47547
60338
54967
48018
52418
53474
45954
46022
56059
56483
46443
43854
45068
53298
71955
47849
51511
73393
52874
50618
48120
57342
47204
52946
47526
68259
48636
53603
69908
68373
49176
51290
49561
55831
49303
50577
63216
57240
91072
51628
222852
76276
61003
100654
66045
64380
90787
100969
58847
70326
110383
57160
173162
122661
72340
69510
64735
92389
73143
62813
81140
75586
103990
62113
60924
90303
63338
68547
72050
82179
64098
60579
63032
64120
86683
59832
61930
63727
111810
69645
65019
63849
66606
60500
60418
65545
102855
64289
61185
59046
64625
57676
116643
61711
80009
61482
74020
68422
70700
63020
76004
165376
98505
102962
61623
91751
142618
64638
67748
61774
64903
62202
61598
62240
71527
61024
58923
59317
64972
74583
60567
76851
67936
61190
69235
61082
65595
62705
60376
60839
63484
59790
60385
79972
70031
69157
61018
60909
70823
59721
59127
60302
77945
61015
59888
60938
69168
63277
60287
67711
64571
64260
64989
60599
61131
60193
58572
59854
65967
65548
55824
68017
56500
86697
55889
56767
55811
54880
54460
55514
59736
58556
56534
55800
55728
58785
54469
61729
54400
60499
55129
52925
54862
69386
65389
97166
56534
60416
54690
54818
56737
57867
57007
54477
53397
60937
54479
57366
56449
62889
60306
55613
55369
60280
55033
58034
55056
59008
55705
67127
56634
118297
119316
134103
61366
67013
59421
78519
62702
60814
105133
117963
69695
65358
58494
61565
55090
60444
64017
114989
57496
68588
54074
53982
100296
108669
65643
60867
76576
68148
64933
101180
143121
68837
64725
61480
58679
69523
73945
66241
61006
79965
67433
63826
61506
61593
67363
68539
61994
62661
58535
55789
56614
79298
61550
57515
54227
55383
62200
54445
54266
57747
62934
54371
54213
52116
59172
55200
57082
65002
64824
55088
53171
53385
57075
55818
83291
59453
66938
60613
67337
62431
127356
63394
61775
62063
92379
70819
65689
140199
71816
63175
146636
67706
75588
115240
64453
62717
72229
61011
53087
122342
62127
56651
99471
60811
63143
55871
53921
54995
145382
58028
56342
59161
106886
69895
58538
61346
67594
62745
64501
68416
93546
103984
122894
60703
75187
54700
56223
64542
62734
74349
55841
62847
68956
88128
55074
54449
60330
59689
54859
56527
69377
55689
54217
55383
59063
59080
56422
68715
53887
60242
52421
57682
53667
60177
52770
54566
54278
68708
95797
60421
58332
72023
62823
64438
54651
60492
58535
55811
53571
61516
54231
55060
59718
59967
58744
65149
58500
58077
84912
98217
65740
66631
57536
56814
61929
64433
77058
101839
60210
62796
63756
88654
60799
75236
58589
60369
61388
62914
66176
104196
63448
63800
65869
104325
72167
62199
90534
56862
65362
64807
65020
58115
64939
66542
74543
62580
62923
70129
57759
79319
60844
68661
56763
69481
65430
62658
78311
66922
60383
58170
66268
89861
58241
55241
80082
57760
60868
65764
71820
55942
68460
55038
57840
88265
76735
117740
72149
100271
67588
60647
65037
56779
55731
55273
89087
60901
95460
69065
64540
70128
101121
69081
79951
56601
56709
