943093
891089
807471
833753
994377
1075247
1013660
975855
1007185
1002125
983108
956148
984711
963177
904184
1073266
908114
892636
828049
852264
839330
801460
848593
894465
958469
775959
849103
851727
948903
789941
869604
910463
1023300
896585
929436
880962
865362
1003417
857820
940355
1005473
842893
808258
953292
853463
891024
890279
873677
900579
886630
822100
847999
878573
961187
1082255
812362
878475
844649
896997
905672
990429
935512
964803
862757
891860
1097457
961983
783885
893407
980567
874019
888939
909667
933622
921614
823686
1176767
958110
1018233
833655
902019
923796
840831
835792
840819
900099
1005184
874714
870160
819739
995801
932965
823291
793095
899542
884005
746318
924071
851978
887647
876022
818926
950074
788897
868984
888346
748199
861237
967441
921366
903990
893222
844217
1025329
911940
774211
821179
817043
896970
836697
940026
858060
891611
960387
716693
1490025
888729
849605
886272
903715
824643
967081
903786
908440
888467
963887
965744
943789
905856
998879
966485
842093
819572
830456
796921
906475
893483
1085482
844179
2426327
971571
972578
1033733
875653
932426
828589
998743
932723
903927
937276
934233
848688
856435
944466
874817
925006
885084
854808
807005
881313
975887
1149853
911588
1045869
829833
948485
883011
894861
1079993
1052894
1002823
884533
874765
901534
951907
850897
973185
824337
852627
870507
945141
836180
774622
853702
892050
857514
944447
848458
1609300
862917
763826
776354
825949
786896
866102
926983
801624
783076
760494
782850
816485
875640
796160
797408
999557
807523
873348
846027
798592
834564
836260
786742
954116
932448
984062
782565
1035091
873859
1016576
875624
969288
923286
831900
838328
1011759
878754
977690
1074492
756199
1037882
827957
793591
818904
810568
887830
775648
806357
982383
847713
780006
829814
820175
1015464
1009744
1091616
997681
880131
777863
1028205
810429
922584
921684
806693
872780
721446
917226
888313
725550
755411
857033
775108
832508
812721
861743
944651
1083779
909777
891581
731343
806268
836250
927531
939263
939600
818359
811618
912151
908663
895430
861805
911292
894060
776957
786564
930957
1118974
883424
891268
904734
780789
908728
815993
904142
829583
928265
770915
833879
920283
844116
874212
865850
888039
858729
802866
908227
799272
1022979
836280
807880
884238
862327
773754
790738
773812
781983
735346
877342
769591
790220
889971
891899
1029980
1044398
812642
764778
876760
827386
813585
792707
892212
926018
784021
828808
867220
813490
925840
870706
869265
849204
792608
854995
869865
826788
2177136
839274
861080
920235
756723
874005
933625
896068
894028
894457
833329
739154
884793
968665
936511
954640
810278
948373
845513
845659
1007659
850531
876113
819006
837872
829974
1060546
965425
895577
827065
846642
843475
871336
859064
822843
1025275
907660
1014451
842380
959094
956018
843794
987540
834576
1487236
852220
1013539
997663
911155
938375
753747
896530
843167
726360
1103539
828511
793674
824966
952409
934729
823285
794541
827733
842914
841110
1023450
984294
886026
1045834
1130116
1509934
837865
849980
830977
838181
871092
925973
1018825
959059
982100
904751
828597
892839
943758
892424
904967
987798
895706
1001344
878494
964295
841358
1015725
862179
1075647
723905
821463
807997
863825
773360
914931
885565
827178
832484
938252
936664
882897
1006998
1098486
821822
781625
891287
909490
883518
1021434
881085
884232
808598
911289
918560
931071
916753
779810
859560
896369
910559
808678
811430
846452
692989
834751
850753
821520
888519
888294
726776
800801
755875
752710
901882
855188
913214
764143
804454
886902
812669
903140
798691
918032
987339
828679
906143
860648
787369
823386
808290
857517
802565
953922
849263
914202
858042
830643
905397
805274
883114
876869
796832
779319
747646
915414
774783
879456
820617
837351
849620
883690
658845
915014
975330
857224
792219
815206
851629
907882
1003639
888888
735200
842672
765320
859675
791167
983088
908686
914723
960529
873553
881053
876302
1048301
1208831
874155
822352
932750
809876
872820
875942
977809
951597
884129
763412
811578
967361
828882
1123796
789649
901865
846996
951735
828267
932114
792806
926035
933819
731449
806364
840337
897503
898607
817757
876185
881158
900986
910380
970040
956770
846416
1011267
904851
926581
944980
869799
856184
928269
872652
1014079
1017242
1002881
911574
1038771
896828
755133
822296
791587
904165
910127
890391
861204
777283
893844
904261
833520
854574
896660
852823
853415
947070
800606
946883
964861
795915
959677
882964
852332
845277
808113
886224
900397
899895
930506
856683
831688
866661
1088412
1016737
934619
906845
832013
758587
845528
911419
820284
861530
918511
886140
821932
745210
818814
811136
786544
830655
986074
892993
914099
854645
812946
882974
1037316
808632
984792
841945
1072575
753125
904945
841732
766748
985452
925940
1038600
915199
1022648
938465
963056
999387
800530
948981
746677
867515
960479
801669
708346
912052
911875
810087
769936
924862
946130
746023
887258
894257
976197
884780
837358
904368
908093
768675
996717
884950
838584
1025115
1078442
902428
905397
888634
903531
1011688
912183
752835
863106
791958
906099
829719
797580
925920
952500
794042
867818
959879
824994
829120
914930
793892
839811
970859
934572
837011
884893
801937
819831
878753
880270
813399
860249
899258
936148
804146
839870
863339
903372
812254
722267
978228
768086
854319
795339
799049
891820
791506
784637
829166
1007065
860394
834745
831653
815496
813749
947307
839025
898513
941488
907367
883937
928202
818222
780532
861322
946520
844580
864614
881508
872775
776104
839832
871102
820837
760032
904268
925317
932478
832265
834933
777794
750415
785842
831345
834651
780870
885083
857881
947349
873670
837151
828463
773370
838843
825171
1080611
892191
968830
822566
914758
867494
906002
841346
875492
839252
953640
843552
703210
815887
884208
818139
964398
1056983
867660
876731
1095416
958264
1620377
909266
985427
882935
1102642
1025331
1547346
888856
900986
1002148
795373
857123
775603
910785
908731
849148
832655
810048
809986
909386
989513
976561
826633
730870
932767
725324
867331
843478
772866
863175
922269
900473
934697
876077
807573
907059
906671
967073
893070
880451
951625
908920
828459
835085
872153
929580
802267
874040
967377
1094541
961124
821259
864810
941581
1036960
971589
1025018
890892
935689
892771
966513
731031
1055809
929603
875386
925431
846327
899284
925514
897070
815850
883093
893838
852513
872465
2209049
998015
879714
974623
927573
1033944
918713
1055225
912124
955855
908725
848801
845840
951188
926091
862468
1009778
899711
798805
851367
898606
861575
995194
942971
895302
814911
1072183
904947
1012191
818104
918601
934537
1013351
970888
904358
929026
830088
857095
962994
1186776
904614
836966
1464960
883913
978508
906767
1198482
919859
906783
819797
907172
991262
891439
963781
1060266
986429
849157
907890
902050
1025398
1017834
907127
936179
986711
868898
822272
776385
970932
1057215
909700
942378
832557
861755
1043730
1017802
935534
853438
953246
944065
927149
974009
1047256
899305
943622
875779
978830
905401
918960
926673
799620
964287
957810
936591
803129
915012
847209
784288
974683
881001
783904
834896
903968
934608
857313
