944499
837829
857143
1168125
832231
870531
913013
923573
983457
719194
776348
968410
995173
820378
653544
811997
788310
923398
865153
845381
846279
867731
878920
885699
797404
869756
890205
790985
830406
836970
839342
770907
971269
698372
909473
822208
723074
693097
843855
950695
880891
930396
979108
879576
860302
826868
766136
773235
810398
873272
838925
751637
860889
874808
809570
871602
898470
865713
1027228
859279
784958
858289
888083
737517
786631
802848
911827
768755
819871
807752
983083
1001680
836443
908653
810811
869368
855198
1576739
937517
873002
970238
745004
902561
919099
785267
835166
908767
881292
787861
738491
770997
780071
831881
830222
864942
842780
725515
906620
894436
854973
768683
824067
884122
898233
777597
912568
902182
803060
804327
839678
762128
886048
894220
834222
833404
823291
928204
917564
854117
893218
865891
1113213
958499
957992
1056351
957028
958786
771707
916485
1036302
819600
1182064
855779
897592
801392
819089
907534
1029061
867581
811473
889498
989774
837688
910887
947438
867041
891958
835269
859862
939073
873333
791206
867288
834871
855289
896565
896105
927775
979043
829805
827469
873889
886088
962139
917893
1024669
934881
964894
879568
948645
1093214
957511
862870
936347
1052752
969559
868415
777942
822996
909553
769489
929146
916060
930440
1010901
770610
831064
885717
795129
962753
804317
1096411
1022933
993632
809343
856392
903584
1067042
921237
993391
999685
744552
1060546
1038756
835981
974376
696701
787034
852379
945087
748631
848305
984007
952898
915294
4341530
985132
814040
854357
876021
873313
821483
884779
1004868
881100
883661
709280
837573
813162
763920
806124
896856
823271
727161
772114
851312
899331
886930
831258
834242
1002909
867165
817356
1059056
987006
866000
852182
847651
869744
959177
925275
938113
1010846
848404
1028630
875027
849875
1046219
869158
769384
970143
828700
937761
950345
817029
839189
890653
909148
863030
979306
900486
859884
790009
953042
903934
926839
720398
1123671
1009094
895011
832888
864115
937516
984684
806363
812535
926675
813436
853721
938961
1778951
803487
891017
804349
874754
865063
939067
968368
859789
963023
857954
818105
890951
865894
815055
1006061
843262
884483
887835
880406
876259
823798
756615
887086
791800
904317
943412
817649
853578
924765
804024
810386
810601
898657
911546
850710
793796
865981
1133192
1140707
875463
871348
805382
839834
828080
888729
794963
740509
840994
842011
822853
862761
901353
894633
805196
838402
742380
877226
794618
974213
808883
1012763
772622
1085077
903856
927244
909163
856329
855535
915443
918651
805359
915920
1002697
826638
883046
886285
1019488
932442
927774
820274
937974
841112
803086
923734
855431
810777
885798
901025
931096
877662
847473
814459
798237
949644
898987
899570
935951
860745
796651
1073326
961423
1316007
887200
779049
837812
850698
914937
897777
923818
869307
807802
919785
948287
843436
795588
1725074
864340
952141
812341
881650
896420
826830
780723
951166
802840
767263
852525
849517
855335
843716
845557
804413
892430
898463
790391
885685
898140
888149
959124
871319
886813
891259
762663
801894
832371
892205
1046028
818867
880258
849871
779463
994280
947412
889020
926599
889737
3015504
930120
941600
927000
805285
1004513
836233
880042
933366
962326
885283
887304
928391
1557644
963645
844765
995463
949645
905659
1011341
925795
882186
871639
936744
947038
924438
968919
846279
814590
831187
829812
698758
1099314
1048483
801776
903848
962785
974707
816787
817208
970782
1159119
841885
964458
852911
1041740
830881
805591
909350
890568
957735
937457
787754
934707
813711
907436
872076
793571
797679
848763
914502
769239
818177
841289
1113928
835520
922848
823635
987660
808551
870184
865754
987778
877384
836728
772760
823689
812558
769381
834545
1076636
860381
904763
939465
775026
840038
892930
962108
894522
866433
898182
804903
870032
851707
796141
804564
953471
970581
783252
797971
891439
981634
872088
997214
852434
882722
839797
750850
757013
817730
923730
944458
861710
902578
855144
939307
832716
865346
935493
1108288
812766
886839
875975
841701
965570
930105
927425
930172
931207
806888
757492
879321
902598
992670
980494
1079260
999255
921884
805109
873042
1033734
897569
1008131
842086
831641
842958
764509
821560
886748
837066
981844
899117
964926
840067
805137
1051912
959796
889809
723170
781396
758046
821292
879351
881719
819697
947026
818848
752992
745592
1198054
916307
903433
1022475
944414
792783
832374
816593
849346
933833
970729
978834
802470
917720
984789
919713
872424
884911
1031821
899164
949320
1022251
998308
1060749
934176
1009916
1087311
965830
976767
1025051
848879
840405
1013774
955452
898598
827011
1050316
1003956
981959
1013541
946969
996052
974751
992155
1064117
973078
1033145
919070
950243
1027908
871610
1030215
1034496
873074
993065
1069191
1028329
916941
890486
916701
876436
1004055
1001283
792988
889391
810570
934220
894632
841942
844540
864146
806465
784050
1025389
871397
966662
838731
784572
722219
866149
790795
875405
818444
1008770
854211
848101
761006
819625
853369
778826
866736
913028
828431
734629
1055119
800652
870560
798181
878905
893477
723817
827665
950275
969019
1039972
899200
840082
891253
743946
911630
867341
813751
871556
862458
883842
914058
856139
779692
844962
825532
861733
782322
861252
780570
799182
875108
866202
764041
786030
787126
759494
1020903
870223
733989
777588
784223
842214
840071
867413
847514
885877
845651
825485
906240
791586
915001
738208
1020840
813182
825783
915578
920562
777143
965232
868617
793611
945643
874997
795406
837516
888462
913312
790625
760782
903332
745284
822955
920027
925257
806555
754387
773511
938304
914732
1001291
1122894
1059786
1004839
920940
946003
840458
923006
768243
856971
1031025
864809
851999
947837
8622363
805848
867145
885972
869624
868036
968008
957740
1004756
963074
1008139
922043
767388
726716
757719
703498
734330
919918
754258
839920
1053198
873034
849343
978317
924013
739774
844151
890891
834545
879771
896764
839889
972536
885687
850139
881863
773630
824020
864089
876114
724842
710745
850737
845721
807307
918330
878043
765928
884923
880041
969637
788531
971044
911040
724026
839517
931955
924924
796221
933269
922240
794751
906473
927220
799569
825098
816870
692883
918140
891610
866361
809043
765820
926465
882284
930696
890919
948742
752650
1002160
860661
745415
796074
786569
816965
829508
824010
822366
944152
782182
829129
991098
901888
799280
906410
988490
748309
791019
850659
785493
865191
971172
847160
751105
869062
790716
941762
877486
748736
891719
860509
735525
725479
876679
775241
831638
835114
896677
786488
911650
877236
1292182
843869
873102
1024020
817515
803886
844263
1032431
813823
879465
880898
781738
898455
917081
824116
884927
818037
834637
850249
889919
858018
799065
826162
923845
972884
865940
782031
1093547
874426
883183
994632
885462
914856
932672
811630
841155
819129
871925
845435
792309
960492
1047505
6718857
901098
1051688
1012491
938078
847159
952133
904962
936802
1050442
903705
927363
958978
976689
1065868
1183708
978394
1111797
850397
1203815
1036670
843000
972172
884573
1077569
793101
818882
928399
989632
864441
855515
843312
926887
